0 364 
5 364 
23 364 
24 364 
28 364 
38 364 
48 364 
49 364 
58 364 
73 335 
78 364 
79 364 
88 364 
92 364 
96 364 
112 364 
113 364 
124 364 
128 364 
134 364 
140 364 
143 364 
150 364 
159 335 
167 364 
170 364 
176 364 
188 364 
197 364 
206 364 
216 364 
225 364 
229 364 
237 364 
245 364 
247 364 
248 364 
251 364 
267 335 
271 364 
274 364 
279 364 
294 335 
296 364 
318 364 
321 335 
329 364 
332 364 
343 364 
345 364 
351 364 
366 364 
371 364 
378 364 
383 364 
387 364 
392 364 
395 364 
399 364 
407 364 
420 364 
421 364 
425 364 
429 364 
443 364 
445 335 
447 364 
448 364 
452 364 
457 364 
465 364 
469 364 
