610
481
480
475
473
471
468
467
466
463
458
455
452
451
447
445
443
441
437
432
411
408
407
405
404
403
402
401
397
394
392
387
384
1600
1599
380
379
378
1597
372
1591
1590
1586
1585
366
365
1584
1583
1579
359
1577
1576
356
354
352
1571
1567
1566
347
1565
345
1564
342
341
338
1552
332
1548
326
1545
324
1542
1539
321
320
1537
318
317
1535
315
1532
1531
1526
1525
305
304
1521
302
301
1518
299
1516
1514
296
1512
294
293
292
1511
1506
287
286
1502
1498
283
282
1497
1495
1494
1493
277
276
275
1491
273
272
1490
1489
269
1487
265
1484
1483
1480
260
1478
258
1476
1474
254
253
1470
251
1468
1467
1466
1465
246
1463
1461
1460
1458
241
1457
1456
238
1453
236
235
234
233
232
1451
1450
1449
1445
226
225
1443
223
1442
221
220
1438
218
1437
216
215
1434
1431
1429
1427
1426
207
1425
205
1424
1423
1422
1420
200
1418
198
197
1415
195
1413
1410
192
191
1409
189
1406
1405
185
1402
1401
180
176
1392
1390
173
172
171
170
169
1387
167
1385
164
163
1381
1380
1378
159
158
156
155
154
153
1371
1370
150
147
1366
1365
1362
1361
1360
141
140
1357
1354
1353
1352
134
133
132
1350
1349
127
1346
125
1342
1340
1339
119
1338
117
1334
1332
111
1327
107
1326
105
1323
1322
102
1317
98
1316
1315
95
94
1312
92
91
1310
1309
88
1306
1305
1303
1299
1297
1296
1294
73
69
1287
67
1284
1282
1280
63
1279
61
1277
59
1276
57
56
1275
1273
1269
1268
1267
1264
44
43
42
1260
38
1255
1253
32
1251
28
1242
22
1239
20
1238
18
17
1233
1231
12
1230
1229
9
8
1225
1224
1223
4
3
0
1217
1216
1209
1208
1205
1203
1200
1198
1197
1195
1189
1188
1186
1185
1184
1183
1182
1181
1180
1169
1168
1167
1162
1159
1158
1155
1152
1149
1147
1144
1143
1137
1131
1121
1113
1111
1110
1109
1105
1104
1103
1102
1101
1093
1091
1090
1089
1088
1086
1084
1082
1079
1078
1077
1076
1074
1073
1071
1070
1067
1066
1053
1052
1049
1046
1045
1044
1043
1040
1039
1037
1036
1035
1033
1027
1026
1021
1020
1011
1009
1007
1004
1001
997
992
989
988
984
983
982
981
978
977
975
972
968
966
962
961
960
958
953
952
940
938
937
936
932
931
927
925
923
917
913
910
909
908
907
904
902
899
898
895
891
888
886
884
883
882
881
880
879
876
873
872
869
866
860
859
857
856
852
851
849
848
847
844
843
842
841
835
834
832
831
827
824
820
819
818
812
811
809
808
803
798
796
792
791
788
780
779
776
769
768
764
763
758
757
754
753
745
742
739
738
737
734
733
729
725
724
723
722
721
718
715
714
713
709
708
707
703
701
700
698
696
692
689
685
681
676
675
674
671
670
668
667
666
658
654
652
647
642
640
638
637
636
633
631
630
625
622
615
613
612
609
606
605
604
600
598
596
594
593
590
588
584
582
578
570
569
568
566
560
551
550
548
542
539
531
527
523
520
518
517
516
513
512
510
509
508
507
506
505
504
502
499
496
488
487
486
484
482
105
292
77
73
283
282
71
70
68
67
273
266
265
54
53
49
259
47
257
255
42
40
248
38
36
244
240
28
27
234
25
233
23
21
228
16
224
219
9
8
7
215
4
212
211
1
210
206
199
197
193
192
191
188
187
186
184
182
174
169
379
378
167
375
164
162
158
155
365
364
153
150
149
148
146
356
144
354
138
132
131
343
342
341
338
125
124
334
327
113
111
317
103
102
311
99
309
308
96
88
300
299
86
297
296
85
