402
1096
291
1093
1892
1089
1088
1887
1877
268
267
1871
263
1869
1868
1867
1063
1062
1860
248
1855
245
1849
241
239
238
1844
1843
1842
234
1036
230
1034
1834
1832
225
1028
217
1818
1007
1810
1002
198
1001
195
998
997
996
2603
190
1797
990
1794
986
1788
1786
181
1783
2591
178
2589
2588
175
2586
975
171
170
1773
968
1767
2569
957
953
2561
146
143
142
140
2550
940
1743
135
1739
133
2543
131
928
1736
1733
1732
126
125
124
1729
122
1728
120
119
920
1718
1717
2522
2521
2520
910
1714
105
1712
904
2513
2512
2510
98
901
2507
93
893
1696
2500
888
83
2494
884
2490
1685
2488
877
1681
2485
876
1677
68
867
1669
864
57
1663
2465
855
1658
853
44
2455
1649
1643
2447
30
2436
825
824
823
1627
16
819
1622
813
1613
2416
2412
1607
802
799
1602
2403
1596
2399
787
2397
1592
2395
2394
1589
781
777
1585
1584
1582
2386
1581
2381
2379
2373
764
2369
1564
1562
2366
2365
2361
749
745
744
2351
740
2343
731
1534
2339
2338
2335
1528
2333
2332
2328
1521
714
713
1517
1513
2317
708
2313
1505
2309
1502
1500
1499
2303
694
692
1494
2294
684
2290
1485
1484
2287
2285
674
2282
673
668
2276
2275
662
2271
1466
661
656
1461
1460
655
652
647
2255
1449
1448
1445
638
1435
1434
629
626
625
2231
2230
2227
1421
613
1414
2218
2216
1411
2214
1409
1400
2207
2206
2205
1399
2203
594
2201
1396
583
577
1377
572
1374
2176
564
559
554
552
1357
1356
2151
1346
539
1343
2145
535
1335
1334
1331
2132
2129
519
1322
1321
1320
2124
514
2120
1314
2117
2115
503
1306
2108
499
1294
488
2095
2094
483
477
1278
472
2079
468
465
2071
2070
461
460
459
2066
453
450
2059
1254
1253
446
441
2051
1246
2049
434
432
2039
429
1226
1225
420
1220
2012
402
1208
1207
1206
401
2007
1202
397
2001
1994
1993
388
385
1190
1189
1992
1988
378
1984
376
1178
1177
367
363
359
1164
1163
1965
357
1963
1159
352
1959
1153
1149
1146
341
1143
337
1139
1137
1939
330
1134
328
1929
1928
317
1121
316
311
1113
1112
1109
1107
1102
8
131
146
112
96
122
57
23
5
