220
749
750
309
313
314
315
763
764
323
326
768
769
330
774
776
340
788
348
355
358
359
360
802
366
368
809
812
818
378
820
380
824
826
828
388
833
393
394
837
397
399
842
848
417
419
860
861
423
864
865
424
869
429
431
873
435
436
877
0
1
443
5
445
890
892
452
455
17
457
20
460
22
25
30
914
474
36
37
39
480
41
45
927
488
929
491
52
493
934
499
941
943
504
66
70
510
513
515
956
518
79
82
83
965
527
531
974
976
538
539
540
99
101
979
983
105
987
989
111
991
553
992
997
560
120
562
563
124
1002
126
1005
1008
571
572
573
132
134
576
577
137
1017
140
1020
583
143
147
148
589
598
164
606
168
171
177
178
619
180
188
630
632
634
640
642
643
645
205
648
653
655
658
659
220
663
223
666
226
227
671
672
231
674
675
232
677
678
234
237
238
241
683
243
246
251
252
696
256
699
259
708
709
269
722
282
283
725
726
285
287
729
730
288
732
289
291
292
739
299
742
743
302
46
248
250
253
254
169
263
79
363
182
1
280
188
6
191
195
196
288
290
200
109
294
112
21
113
23
301
210
117
216
124
312
223
39
318
227
46
47
142
53
146
331
239
333
334
55
63
