1242
1511
6481
6482
3999
6490
4006
1525
4010
6495
1533
6502
1536
4020
4022
1544
1545
4029
1547
4031
1549
1550
1551
6520
6522
4049
4053
6538
4054
6540
1576
1577
6546
1579
4061
4062
4063
4065
1586
1587
4072
1594
4079
4082
1600
6572
1609
4095
6580
1613
1615
4100
6584
1619
4109
4110
6595
4112
4128
4134
1651
6621
1655
6627
1660
6629
6633
6635
1672
4157
1674
1679
1680
4165
1681
1684
4172
1688
6659
1693
4179
1695
1697
6669
4188
4189
6672
1704
6676
1709
4194
6679
6686
1724
1728
4213
4215
6700
4217
6701
1736
1738
1743
4230
1746
4232
1747
1755
4241
6726
4243
6727
4245
6728
6731
1765
6737
4254
4255
1769
4258
6742
6743
6745
1777
1778
6750
6752
6755
4272
6757
1789
1791
6762
4282
1800
6771
4288
1803
1809
1811
4296
4297
6780
6783
6784
4301
1813
1819
6788
1820
6790
4312
6799
1831
4317
1835
1836
6805
4326
1842
1845
6818
6821
1856
1858
1861
6830
6831
4348
1862
1864
1870
1871
6846
1878
6848
6851
1887
1888
4373
4379
1895
6865
6870
6883
1919
6895
4415
6901
1934
4419
6907
1940
6909
1944
6913
1945
1946
4432
1947
6919
4436
4440
6928
6929
6930
6931
1965
6934
4452
1970
6941
4458
6942
1973
6945
6951
6953
1987
1988
4473
6959
1993
6962
1994
4481
4482
4483
6965
6967
4486
1997
2003
6976
2009
2010
4495
2014
6984
6987
4504
4505
2024
4509
4511
2028
4515
4516
2031
2032
7005
4523
2039
7009
4528
7014
2046
4535
2057
2058
7025
7026
4546
2063
2064
2066
4551
4553
2074
2075
4562
7048
7051
2085
4569
2087
4572
7058
4575
4576
7060
7061
7063
4581
7067
4585
4591
2108
2111
2115
4601
2121
2123
4608
2125
7093
4611
4614
2132
7102
7104
4625
7109
2145
4633
7119
4637
2157
7125
2159
4647
7134
2167
2168
4651
7135
2172
4665
4668
7156
2190
2197
4682
4686
7171
4688
4689
7173
7175
2208
2211
7181
4698
2215
7184
7186
2219
7190
2224
2225
4716
4720
7204
4724
7208
7210
7212
7213
4731
7218
2252
7222
2255
4741
2258
2260
4744
7228
2263
2264
4750
4751
4753
7237
4755
2275
2277
4761
4764
4765
2282
4767
2285
2288
7259
4778
2295
2296
7262
2298
2299
7265
7268
7270
2307
4791
2311
4795
2316
7284
7286
4804
4805
2323
4807
4808
7291
7298
2332
4824
4825
2346
7318
7319
4836
4838
7322
7323
2357
4844
4846
2363
7332
7336
4853
7338
2375
7344
2383
2387
2390
2392
2394
2395
4882
2399
7368
4885
2402
2406
4892
4894
7378
2412
2413
7380
7382
7384
2417
7386
2419
7389
2422
2423
7397
7404
2438
7406
7407
7409
2443
2444
7414
2448
7416
4938
7422
2456
7429
4946
7430
2464
4950
2468
4957
4962
2480
4964
4965
2483
0
1
2485
4969
4970
2489
7453
2491
2492
4976
4977
7457
7463
4983
4985
2505
7473
7475
24
4993
4994
4996
4997
7482
31
32
33
34
7487
5004
2521
7489
40
2524
5011
2532
2539
2540
7508
7510
2544
2549
7522
71
5046
5048
5049
2566
5050
86
7538
91
2576
5059
7543
5063
5066
7552
2588
5076
110
7564
5081
7567
119
120
7572
2607
2608
5093
7576
2611
7577
2613
5097
2615
7581
2617
2618
5103
2620
5105
7583
2625
7593
7599
148
149
150
5117
7602
2641
7609
7612
162
7614
7618
2652
7621
5140
5141
177
7630
2663
5147
7633
182
5150
7634
185
2670
5154
5156
2674
192
5160
7644
2679
2680
5167
7651
2690
7659
5177
7663
5180
7665
7668
7670
7672
7673
223
5191
225
2709
7677
5204
2721
7689
5207
242
5211
7699
7700
249
5217
5218
5219
254
5222
258
261
5231
265
266
7719
269
5238
2755
7723
5245
7729
7739
2773
290
2774
7741
5261
7746
5264
297
2781
2783
5265
7752
7753
303
2789
2790
2791
308
309
2793
5275
312
5276
2799
7775
7777
326
2811
330
2816
2819
7798
2832
5320
7806
5323
5325
5327
360
2845
7814
364
5332
2850
2857
2860
2861
5348
383
385
7838
7839
5356
7841
392
7844
7846
7847
396
2881
5365
2884
2886
2887
2896
413
416
2903
5392
425
2910
427
2912
429
5399
5400
5401
5402
2919
436
2921
2922
5404
440
5405
5409
7883
7896
445
5413
5414
7901
5419
7911
5430
7916
467
2952
7922
5439
7925
7927
2960
479
480
5448
7931
483
2968
5453
486
487
7933
5457
7935
7941
7944
493
5462
7946
496
497
5466
5467
7952
7953
7959
7960
2993
2995
514
516
3000
3002
519
7973
5491
5492
3021
5506
3025
7996
5513
5516
549
8001
5519
5520
8002
554
555
3039
5524
8012
8020
3058
3063
8031
8035
8036
5553
586
587
588
3071
8041
8042
8043
3077
5561
8044
8048
3081
600
3084
5568
603
8056
605
8057
607
5575
609
5576
3095
8059
5585
623
8076
3113
631
632
633
634
635
3121
8090
639
640
5609
3126
8092
5612
645
5615
3133
8104
5622
8106
8109
3142
8110
661
5630
5631
8118
3152
5641
3160
8129
3164
5649
682
683
3171
688
5655
8139
5659
8141
8144
3182
699
8152
701
5669
704
8156
8157
8162
8164
3199
718
3204
5689
8173
5692
8177
726
8179
5697
8183
8184
8185
3220
739
5710
744
3228
5713
747
748
3233
8202
5719
8206
8207
8210
3243
761
3247
764
766
771
8227
8228
777
3259
3263
5743
5747
5752
5753
5754
788
5758
8243
5760
5761
798
8252
3285
8254
3286
5768
8258
5774
5775
8261
8264
5786
5787
8272
5789
8275
5794
827
3314
833
3319
8288
5805
839
3324
5809
8294
5811
5812
8297
846
3331
3332
5813
5819
852
8305
854
5826
3345
8316
5834
5835
3355
5846
3363
881
5856
5860
893
3383
5867
3385
904
909
3394
5878
912
916
917
5887
924
3420
5906
3427
3430
5916
5917
5919
954
5922
5928
5930
3447
964
5934
5935
3452
5937
972
5941
3464
5948
988
989
3472
3474
992
993
5956
5961
5972
5977
5978
3497
1017
1018
3501
3504
1026
1029
1033
1034
3518
3519
1041
3526
6011
6014
3531
1048
1051
1056
6028
1069
3554
6038
1074
3560
1079
3563
6048
1086
6057
6062
1097
1102
6070
3591
6076
6078
6081
1117
3602
6089
3606
6095
1129
1132
1133
6100
1135
3619
6103
6104
6111
3628
6112
1146
6113
6119
1153
6121
3644
1161
3647
6132
1170
1172
6140
6142
1175
1176
3659
3663
3665
3666
6154
1190
1191
6160
1195
3689
6177
6180
1214
3699
3704
1221
6193
6200
3717
6204
3720
3722
6209
1242
1244
1245
3728
3730
3731
6217
6218
1250
3734
6222
3738
6227
3743
1261
6232
1269
3755
1272
6244
6245
1278
1280
1281
3767
1284
3771
6257
6259
1291
6262
3781
3782
1299
3785
3786
1303
3788
6277
1311
1312
3799
3804
6293
1327
3811
3813
3826
6313
6316
6317
3835
3837
1355
1360
6330
3849
3858
3860
3863
6348
6349
3864
6351
1384
3870
1387
1389
6358
3877
6363
1398
3882
3883
3886
3887
3889
3890
6378
6379
1411
1414
1417
1418
3901
6388
6390
3910
6400
3917
6402
1438
3923
3925
6411
6412
1443
3931
3933
1452
3937
1455
3940
3944
3945
1462
6436
1468
1470
6440
1473
3956
3957
3958
1478
3963
6449
6451
1483
6455
1488
3973
6458
3975
3976
6464
1496
3984
1502
1503
3989
6475
3991
1510
4
22
1
41
115
