373
18
1512
21
27
774
1519
776
31
777
33
1521
1522
37
1532
787
789
793
1544
54
56
57
1550
804
63
810
66
67
1560
814
817
72
821
79
81
828
833
91
1584
1587
95
1589
97
841
1592
100
845
847
850
105
852
1599
113
120
871
877
133
1627
1628
883
139
1632
1634
1636
1641
1642
901
1655
917
174
1672
182
928
190
194
940
196
942
200
204
950
951
1699
1700
1707
963
1710
224
1720
976
231
1725
234
1728
236
986
1734
988
990
1737
1739
1740
247
1743
1000
257
1755
263
1757
267
1760
268
1016
1018
273
1768
277
1024
1025
1771
1772
1773
279
284
1033
1037
1038
294
1041
1788
1793
1794
1049
1797
306
308
1056
1803
1060
317
1064
1065
1067
323
1070
1817
1821
329
1823
1079
1080
1081
1826
1083
1084
1085
1829
1087
1832
341
344
1839
353
1100
1849
1850
358
360
1109
1858
1859
1860
1863
371
1866
1867
1868
375
377
1872
1127
380
382
1132
1133
1134
1880
387
388
1142
1145
1891
1147
1894
401
1896
405
1154
1900
1901
415
1911
1912
1167
1168
1914
1915
1171
1918
1919
419
1175
1921
1922
423
431
432
1942
1947
1951
1952
1211
467
468
1215
1216
471
1964
1219
1965
1966
475
1226
1973
482
1231
1978
1233
1234
1979
1980
485
1984
1239
1990
1995
1251
1997
506
508
509
1257
2005
517
1270
1273
528
2022
531
1277
2023
534
1281
1284
1285
1287
2036
2038
1294
2041
551
1297
2043
2046
555
2048
1304
562
1308
1309
2062
1317
572
2065
574
2067
575
576
578
2071
580
1325
1326
1334
590
592
1339
594
1341
597
1343
2094
604
606
608
1354
2104
1361
1362
2109
2111
1369
627
630
1379
1380
2131
643
1390
2137
2139
648
650
2143
1396
2146
2147
2152
2153
660
661
2156
665
1413
2160
2164
2166
1424
2172
1427
2174
682
684
1432
1434
2181
2183
1438
1439
700
1447
703
705
1454
713
715
716
1462
1465
1475
733
745
1
2
747
6
7
8
754
1500
1502
14
15
1508
14
4
122
151
96
125
95
44
19
20
163
136
81
138
84
