1434
5348
8216
5345
5343
8211
8210
2472
2471
2470
8206
5334
2462
2461
5323
2456
2455
2453
5320
2449
5315
8180
5310
5309
8176
8161
5293
8158
8154
8152
2417
5284
2413
5280
8145
5276
8142
2404
5268
2400
5267
5264
8131
5262
8126
8124
2387
5246
2375
5241
2372
5239
5236
5235
5231
5229
8095
5226
2357
8090
5221
2354
2353
2351
8084
8082
8081
5212
5211
2345
2344
2343
2342
8076
5204
2335
8066
2329
8064
8054
2324
8052
5189
5188
2320
2319
5186
5184
2316
8047
5177
2309
5175
8042
8038
8037
5169
2300
2298
5165
8031
8029
8027
2280
8014
5144
5143
8006
5140
5138
2270
8003
2267
2260
7995
2257
7991
5123
2254
2251
5118
2246
7981
7974
2239
7971
7969
5104
2235
5102
2233
2231
7966
5089
5088
7953
2213
7948
5077
2208
7942
5074
5073
7938
2203
2202
7936
5068
5067
5066
7931
7925
2187
5054
7921
5049
7912
5041
7907
5038
2170
2168
7898
2162
7896
2156
5022
7886
5017
2149
5013
5010
2142
7873
7872
5004
2137
2136
5002
4999
4990
4989
4986
4983
7846
2107
7841
4972
4969
4967
4964
2094
2089
2085
7817
7815
4947
2079
4945
7812
7810
7809
7806
2070
4937
7797
4931
2062
2061
7794
4925
4924
4923
4922
7789
4920
4918
4917
2047
7783
2046
2042
4907
2036
2034
4902
4899
2030
4893
7759
4891
2016
2015
7749
2012
4877
2006
7740
2001
4866
1997
1996
1995
1993
4859
4857
1987
4851
4840
1971
7706
7705
7701
1964
1962
4828
7691
1951
7687
4814
7677
1938
4805
4803
1930
1926
1925
1920
4789
1917
4787
1915
7652
7651
4783
7647
7646
4776
1904
7640
7639
7638
4770
1896
1894
7630
4759
1886
7624
7622
4755
4754
1884
4752
4751
7617
7616
4747
4745
7607
4739
7606
1866
7596
4724
1854
1848
7584
4716
7581
4713
1841
1840
1835
1833
7560
7558
4690
1819
1818
7554
7553
4685
7552
7550
1811
7546
4675
1803
1799
4669
1797
7535
4666
7533
4664
1789
1788
1786
1785
7517
4649
1780
4645
7510
7509
7507
4637
1766
7502
7500
4632
4630
1761
7496
1759
1757
7492
4622
1753
4613
1742
7477
1734
7468
7466
1724
1723
1722
1719
4589
1717
7455
1716
7453
7452
1715
1713
1712
4580
7443
7442
7441
1701
7436
7432
7431
7430
4562
7429
4560
1690
4557
7419
7418
4548
7412
1672
4536
4534
4532
1661
4529
7394
1657
7387
7383
4514
1644
1643
4510
4507
7373
1633
1629
4499
7366
4497
1626
4495
7362
1618
7356
7354
7353
4485
4481
7348
7347
1609
4477
1603
1598
7335
7334
7333
7332
1594
1591
4456
7323
1586
1580
1579
1574
4442
7309
7308
1571
7306
4435
7300
4432
4431
4430
4428
1556
1553
1552
7289
1551
1550
7286
1548
7284
7283
4413
7278
4410
1541
1537
4404
4402
1528
7266
7264
4396
1527
1525
7261
1524
7255
4386
4385
4384
4377
1508
1507
1503
1502
7235
4367
7230
1493
7223
4353
4352
1481
1480
1479
7214
1476
7212
1474
7209
4341
4338
4335
7201
4332
1462
7198
7194
1454
4321
1452
7184
7182
1440
1437
7172
1429
7166
7165
4296
1426
4294
7161
4290
7155
4286
7151
4281
4278
7145
1407
7141
4273
4271
1402
1399
7134
7132
4264
1395
7126
4258
7119
4251
7118
7116
1377
1373
7108
4240
4236
7103
1357
4226
4225
1352
4222
4221
4220
4219
4218
4216
7083
1345
4211
4209
1338
7074
4206
7073
1336
1334
4202
1333
4198
7063
1325
7060
4191
1318
1316
7053
7052
4183
4180
4178
1308
7043
1306
7039
4168
4167
1297
7033
4164
1293
7030
7029
1286
7019
7016
1276
4145
4144
1273
7008
4140
1269
7004
1266
4133
7000
6997
4125
1256
1254
4122
1252
6986
4117
1247
4111
4109
4106
1234
1231
6968
4100
6967
1229
6962
6961
1224
1222
6957
1216
1214
4076
4074
1206
1198
4065
4064
1195
1192
1191
6926
4054
4052
1186
4051
1183
6919
4043
1173
6909
1170
6907
6906
6905
6902
4033
1164
6899
6890
4020
1152
1149
6885
6884
6883
6876
4006
6870
1132
6868
6867
3997
6865
6858
1120
6856
1119
3982
6852
1114
1112
6849
6848
1110
1108
6843
3972
1104
1102
6836
6834
1097
3960
1085
3952
3950
3947
1076
6812
6809
6805
1064
1062
6798
3929
3927
3924
6788
3915
6780
3910
3909
6776
6775
1036
3903
3898
6765
3895
3894
3892
3891
3889
1022
1019
6756
6755
6753
3881
6748
1009
1007
3874
3871
3867
999
6734
3861
3859
3856
990
6726
6725
988
3854
986
3850
3849
6718
3848
979
6715
977
6713
3844
6711
970
3832
966
6702
965
6700
963
961
959
6695
6692
955
3817
6684
3808
942
939
6679
938
937
936
6675
6674
6673
6672
3801
934
933
932
931
3797
6665
928
6663
3794
3791
3790
921
6657
915
6651
3779
6648
6647
910
3777
3768
6636
897
895
894
6627
3755
883
882
6616
3745
876
3741
6603
866
864
859
3724
854
3717
3716
847
6583
3709
842
6580
6579
6578
6577
3708
838
3703
835
6571
3695
3692
3690
6556
3684
6549
812
3679
3678
809
3674
6541
3669
3667
3663
786
6521
3651
6519
6518
3649
3646
3645
3644
6513
776
775
774
3637
767
6501
6500
3629
3623
755
6489
752
3615
6482
745
6480
3610
741
6473
733
732
731
6466
724
6458
6457
6456
6452
715
3582
6449
712
3578
710
708
706
6438
3568
3566
698
3559
6428
691
3558
3555
6422
3553
6419
3548
3547
3545
676
6411
674
3541
672
669
665
6401
6399
661
3528
655
3521
6389
3512
6387
6386
648
647
6383
645
6381
644
3507
639
3505
637
3497
629
6365
3495
3492
626
625
624
3488
3485
619
618
617
6348
3479
3475
3470
602
6340
6339
6338
595
3462
3460
3456
3453
3451
6323
3450
6321
584
6319
6318
581
6314
3445
576
573
6308
3438
556
554
552
550
6285
6280
541
6276
3406
533
6271
6270
6269
531
3397
6265
3389
6256
517
6253
6251
3382
3379
6247
3378
504
503
6238
3369
3367
499
3366
3362
6227
3354
487
6222
6216
479
6213
475
3340
470
6206
468
6204
3335
3333
3331
3329
6198
6197
3322
6189
448
3311
443
439
6176
6175
3303
432
431
427
422
420
3285
6153
414
3281
3280
411
6139
3269
3263
394
391
3256
3254
3253
3252
383
377
6108
6104
6103
366
365
6099
3230
3224
357
356
6090
3221
353
6084
3217
3216
3210
6077
6075
338
3204
333
3200
329
3191
6058
3189
6055
6054
3184
315
6044
3177
308
3174
6040
303
3170
6036
298
6029
6024
3156
3153
3152
6018
3150
281
3143
274
6009
269
6001
6000
263
5997
261
3127
259
254
5986
248
5982
246
5980
244
3111
5978
5972
5971
5970
5967
3101
233
232
3099
228
3095
3094
222
219
216
3081
213
5947
210
206
5940
5937
201
3068
3067
198
5930
194
5926
190
5922
185
5917
181
176
175
5899
5894
3027
158
153
5886
3019
5885
5884
3016
3015
146
3013
5879
3010
3008
140
3007
137
3004
135
3000
2997
5861
5859
2993
125
2991
123
2985
5848
5846
5845
110
2976
108
107
2971
103
102
5837
5835
2967
2965
96
5831
2961
93
5823
2959
2958
89
5822
2955
2954
2953
81
5816
5812
2944
5810
5808
72
71
5804
2934
66
65
64
63
2927
2924
54
5786
49
2916
5779
2911
5777
5774
2907
39
2906
2905
5768
2901
5767
5766
2898
5763
2895
27
25
22
5748
2879
10
5745
5744
6
5740
5739
2870
5736
2866
5731
5726
5725
5722
2853
2847
5714
5709
2841
2838
5705
5704
2829
2827
5690
2822
2820
5687
5677
2808
5671
2804
2803
5670
2801
5661
2793
2788
5655
2786
5653
2783
2778
5642
2770
5635
5633
2763
5628
2760
5625
5618
5616
5614
5612
5609
2741
2740
5606
5599
5591
2721
2720
5587
2714
5580
5577
5576
2703
5564
2693
5560
2682
2678
2677
2672
5538
5537
5536
5531
2663
2662
2660
5516
2649
2648
2647
5514
2638
8371
2634
5498
5496
2630
8365
5495
8363
2619
2618
8349
8347
5469
2602
5467
8336
2599
5464
2597
2596
8330
2593
5458
8326
2587
5454
8319
2582
8314
5445
2573
8308
2569
2567
8300
2563
8298
5426
5425
2556
8292
8290
5419
8287
5417
2549
8284
2547
2546
2541
8277
8275
2538
2535
8267
2529
2524
2521
8256
5385
8250
2512
2510
8245
5376
5374
8240
5371
8234
5364
5355
2487
8223
2484
2482
14
79
101
128
124
69
152
9
343
314
31
311
2
26
389
