1803
4401
798
4405
11616
803
4410
804
8017
8018
4416
8023
4419
813
11632
8030
4427
8034
4429
4432
832
11653
4445
11657
842
8060
854
11672
856
4463
8067
4465
859
8068
866
8081
11690
11691
8085
11693
4483
8090
8095
888
11707
4497
4499
897
11716
8110
900
8114
8115
11723
907
908
11730
11731
4522
11738
4528
11740
8136
11744
928
11746
11748
931
11749
4539
934
935
8140
8142
938
4545
4546
8147
11760
8153
8155
945
8163
8167
11775
11776
11777
4566
11778
962
963
4571
4572
965
968
4575
11783
8183
972
973
11792
4581
975
977
8190
8192
8193
8194
4586
984
985
11801
4594
8204
4600
11814
11816
4606
8217
8220
8221
4616
8227
8229
1018
1022
11841
8238
1028
8241
11847
11848
11853
1037
4645
11860
8257
4651
4652
4653
1045
1049
1051
11871
4661
8269
11875
11877
1062
1064
1065
4672
4673
8280
4675
8283
11890
1073
8291
4687
1081
8295
4694
8302
4698
4699
1092
4702
1096
4704
1098
1100
8315
1103
8320
1109
8322
8323
1110
4719
1113
11929
4722
11931
4724
1118
1121
4729
4730
4731
4732
1124
11946
11948
8347
1137
8350
11955
11956
11960
4753
1153
1155
11974
1160
11983
1167
4774
4775
8385
11994
8390
8391
1182
8395
1186
4795
12010
12016
8411
4806
8422
4818
4821
12037
12040
12044
8439
1227
8448
8449
8450
1239
8452
12060
8459
8460
1248
1249
4857
4858
1253
4861
4862
1257
1258
8471
4866
8473
4867
12079
12083
8478
12085
12088
8485
8489
4883
1277
12095
12100
4889
12101
1286
12104
8507
12114
8510
1299
12116
8514
4909
1307
12128
4917
8524
1311
8527
8528
12133
12135
8532
1320
1321
12138
1324
12142
8541
12147
4937
1334
1335
12153
12154
4953
8560
4957
8564
1353
12170
8567
4962
12176
4965
12178
8575
8577
8578
8581
4978
8585
8586
1375
12192
8590
8591
12197
4988
8595
1384
8597
8598
8599
1387
8601
1390
12200
4998
1394
12213
5002
5005
12218
8613
12221
5010
1405
12224
1407
1410
1411
1414
8627
8629
8630
5027
5028
12240
1425
5033
12246
1432
12250
1435
5043
5044
12256
5046
12257
5049
1443
5051
1445
12262
5054
1448
8662
1450
8664
12265
12269
8669
5064
1457
12278
8673
1470
12289
5079
5080
5081
1473
1474
8692
8695
5089
8700
12307
12309
5099
1497
5108
8715
12322
1502
5112
1508
12327
8722
8724
12331
12333
1515
5123
8730
12338
1520
8734
5128
5131
12346
12348
8744
8745
5138
5141
1536
5144
5145
1539
8755
12362
5152
1547
12368
12369
8767
12374
8768
12376
12377
12378
12379
5162
5172
12386
1570
5178
5179
1573
5181
5185
1579
5188
5189
1584
8805
5200
5201
1594
5203
1596
1597
8815
1606
8819
5213
1617
1618
8832
1620
5229
5231
5239
8849
8854
1646
5259
1654
1658
5265
1659
5267
5274
8887
1678
8892
1681
1689
5296
8905
1698
5305
5307
1701
8915
5309
5310
8918
1702
5314
8921
1703
1705
1706
1715
8930
1720
5327
1722
8935
1723
5335
5336
5337
1730
8945
1735
8948
8952
5346
8954
1743
8956
5350
5355
1749
5358
8967
5365
1760
8976
8980
8981
8982
5376
5380
8987
5381
1774
1775
5386
5389
8996
5390
1786
9004
1796
9009
9012
1801
9017
5413
5414
5416
9025
9028
9029
9030
5423
1816
1818
5428
9035
9036
9037
5433
5434
9041
5438
9045
9046
5441
5444
5447
1844
9057
9058
5452
1845
5457
9064
5458
9072
1862
9075
5471
9079
5474
1873
9092
9094
9095
9096
9098
1889
5501
5502
5504
1900
1901
5509
1906
9119
5514
9122
5519
1916
9129
9131
5526
5529
1924
9137
5531
9139
1931
9148
5543
9152
5551
9162
1950
9164
9165
5560
9171
1961
1963
5570
1965
9178
1966
5576
9183
9186
1976
9189
9190
5584
5586
1981
9195
9200
5595
1990
9203
1993
9206
9210
5608
9218
2010
2012
9225
9228
2016
2018
5634
2029
5636
5638
2034
9250
9255
5651
2047
9262
5660
9268
5666
2060
5668
9277
5671
5678
2072
9287
9289
9290
9294
9295
9296
9297
5691
2084
5695
5698
5699
2100
2103
9319
2111
2113
9327
9330
5724
5727
9334
5729
9337
5733
5735
2131
5738
2133
5740
5748
2142
2143
5754
5757
9364
5759
9366
2158
2160
2162
2163
2169
2171
9385
2173
2177
9390
9391
5786
5788
9395
9398
9399
5792
5795
2191
2192
9406
5800
2194
2196
9410
9412
2203
2206
9421
5815
5821
9428
5822
2220
5837
2233
9449
5843
5845
2238
5847
9454
2241
5852
2252
5859
5860
5862
9470
2259
5869
9478
5874
2272
5879
5880
2275
2276
5883
9490
5885
2279
9497
5891
9499
2292
9505
5901
2296
2299
9516
2304
5912
9519
5915
9526
5921
9528
5923
5924
2315
2320
2324
5931
5935
9542
5938
2333
2335
2336
9550
9552
2342
9555
9556
2344
5952
9559
2349
9563
9564
5957
5961
5963
5964
2359
5966
5969
5970
2363
2365
2367
2369
5977
9587
2375
5985
9593
5987
5988
2381
2390
9605
9608
9610
9611
2401
6009
9616
9618
2406
2407
2410
9623
9628
6022
6025
6026
9636
9639
2427
9646
6043
6047
2441
6049
2442
2447
9661
9662
6055
2452
6064
2459
9672
6067
9674
2461
2463
6073
2468
2469
9684
6080
9691
2482
2484
2486
6097
6102
2497
6106
6107
2501
2502
9720
2509
9724
6121
9729
9730
2518
6127
2522
9740
6137
2531
2532
2535
2536
9749
2538
9753
2543
9760
2551
2552
6164
2559
2560
2562
9777
9789
2577
6185
9792
9795
6192
6194
9807
9808
6203
2599
9817
9818
6212
2609
9823
6218
9835
9843
6239
6241
6242
2637
6245
9852
6249
6257
9865
6262
2656
6264
9873
9875
2665
9881
2670
9887
2676
2678
6293
2687
6300
9910
9912
9915
6311
9919
2708
2709
9922
6317
2715
9930
2721
2722
9935
9936
2729
9942
9945
2733
6343
6344
2737
9952
2742
9955
6349
6350
9958
6351
6354
9966
6360
9968
2756
2758
2759
6370
2764
6372
6376
6377
6379
9986
2773
9996
2784
6392
6393
2787
2789
6398
2792
10010
6405
10012
2798
2801
10021
6415
10023
10026
6420
6421
6424
6427
6431
6432
2826
2828
2831
10046
2834
6444
6445
2841
2844
2845
10059
6457
6469
2863
2867
10081
10083
6479
2874
6483
6488
6489
2886
6493
2888
10101
10103
2892
10105
10106
2894
2895
10109
2899
2900
2902
6510
10118
10119
2908
6515
6517
10126
10130
6528
10137
2925
10140
6534
10142
2930
6538
2935
2936
2938
10152
6547
2942
6550
2947
2948
10162
6558
2955
10171
10172
10178
2967
6577
10184
10185
6578
6580
10189
2984
2987
6597
2993
6602
2997
2999
10213
6612
3007
10225
6619
6624
10231
6627
3023
6630
6631
3030
10245
10247
3037
10250
6646
10255
3046
6655
3052
6659
3056
10272
6676
3071
6679
3076
6683
3077
10293
6688
6689
6692
6703
10310
10311
6704
3097
6708
3106
6715
3111
10328
6722
3119
3120
3122
10335
6731
3125
6733
6736
10343
3131
10349
3139
6750
10357
3144
10359
10361
3153
10366
6760
10368
6763
3154
3155
10373
3162
6770
6772
10379
6773
3166
3171
10384
10385
3186
10399
6793
6795
6798
10411
6805
10418
6814
6815
6816
3208
3212
10427
6821
3220
10433
10434
6831
3225
6833
3228
10441
6837
3231
10448
10449
10450
3237
3240
3241
3242
6849
10458
3249
6857
3257
6864
3261
3262
3274
10487
3275
10489
6884
6887
6890
10499
6894
3287
3288
6898
10507
6902
3295
10510
3297
3304
10517
3307
6915
3310
6917
10524
6918
3311
6921
3315
6923
10532
3320
3323
10538
6932
3326
3329
6939
6940
10547
6941
10549
10550
6945
3335
10553
10554
10555
6948
10557
6953
6955
3351
10567
10568
6962
10572
10574
6968
3362
6981
6984
6989
6991
6993
6994
10602
6997
10606
10608
10610
3400
7007
3403
7010
3406
3411
10626
7021
7022
7024
3422
10637
3426
7033
3430
3432
3433
10646
3435
10648
7043
3437
7045
10653
7048
3442
10656
7050
10658
7053
10661
7060
10667
3456
3459
3461
10674
7069
3465
7073
3467
3468
10683
3471
10686
3478
7088
7089
3482
10701
3491
3496
7103
7107
10721
3510
10725
10727
7126
10733
10734
10736
3526
10739
10740
10743
10745
7140
10747
3537
7144
3538
3542
3548
7155
3555
3566
7174
10782
3570
10784
7182
10789
7183
3578
10793
7188
10796
7190
7194
3589
10802
7199
7206
10813
10817
7211
1
3608
7215
7221
11
10829
7224
10832
15
3617
3620
10837
10844
7238
34
3640
10856
7256
7257
48
49
53
3660
56
7269
3662
61
7279
7281
3679
10892
75
10897
81
10901
89
7302
92
7305
3701
3703
3707
102
3709
106
3713
108
7320
3714
3715
3720
10934
117
3722
119
123
7336
125
3730
3731
10948
10949
7345
10952
7346
136
137
7350
10957
7352
143
7356
7357
3753
149
10967
7362
10970
7363
154
7365
3755
157
3756
7371
10978
7373
7374
3763
3768
10983
3773
3776
10989
7391
3787
3790
3791
11004
3793
11006
3794
11009
7405
196
7408
7409
11018
11021
3810
210
3823
7431
3829
11044
7439
228
11046
232
11051
11052
7444
11054
7445
7449
3841
241
11062
249
3855
251
11071
7466
7467
257
11076
11078
11083
7477
7480
7482
11090
3878
274
7487
11094
7489
3884
3885
11099
7497
11104
3891
7502
294
3901
298
11124
3914
310
3919
7526
7527
11134
11136
3926
321
3929
11143
3932
3934
330
333
334
335
7546
3939
3942
7552
7553
11160
3946
3950
11164
11166
3954
7562
7565
3960
3962
3963
7574
364
370
7584
373
11192
3983
379
383
7595
385
11203
387
388
11205
11207
11211
7607
397
7609
7610
7612
11219
11220
7616
405
11223
7617
4010
7621
410
11229
7625
415
11234
417
11236
7631
7632
7633
422
423
7634
4029
11244
7638
428
429
430
7639
7642
434
4040
4042
11256
7652
11259
7653
7655
7662
11274
7668
11276
11277
464
11282
11285
468
469
7680
7681
4078
7685
4080
11293
4084
480
11304
7699
489
11307
7703
492
4099
11314
497
501
7716
7720
7722
4117
4118
4122
7728
518
7732
4129
4131
4132
11344
7742
11350
4139
533
540
4147
542
4158
11371
11372
557
4164
11375
562
4173
4174
11386
571
4178
7787
576
7789
4184
579
580
11397
11400
7793
7794
586
7798
11412
596
4203
4212
616
11438
621
7833
624
11442
4235
4238
633
4240
4241
4242
4243
11450
4245
7848
11463
11467
11468
651
11469
656
7868
11476
11478
4269
7877
11486
7880
7885
674
7887
4283
4289
686
687
11506
4296
4297
11509
694
11512
4302
697
698
11515
7916
708
11529
11530
7933
4328
11542
4331
11546
733
11554
11555
7948
11564
7960
11569
4358
752
11571
7963
7965
4364
4365
4366
11577
11580
4369
11582
7970
7973
11587
770
772
774
4384
778
4386
11598
782
11600
784
7993
7994
787
11607
4396
791
793
8005
11
338
53
98
11
76
140
367
392
2
69
398
