498
8237
4254
10226
1268
6251
1272
3265
2270
7251
8248
5261
10242
3267
8252
7256
2272
9251
2283
10252
6268
1298
9267
6281
8279
10272
9277
4298
3301
10276
3302
2306
1310
6296
4306
8291
3311
6301
8294
5306
9294
3319
2326
335
2329
338
9304
5321
3330
2332
1337
6322
10307
3335
7323
2346
7330
10321
9325
9326
10324
8334
6342
5349
5351
9337
7345
3363
6352
3365
374
7354
4366
5365
387
3378
9357
4379
6372
9361
3383
5385
5389
7382
5390
1405
4402
7391
6398
9387
5404
3415
5408
3421
435
7410
8407
5421
6422
5426
6425
9414
449
8421
4441
9422
9423
9427
9431
4459
3463
6453
1471
478
9445
6457
4468
1480
9452
492
4477
6471
499
5480
9468
6482
9472
4493
9475
5494
8488
9486
8490
9488
5502
2517
527
1524
6506
8499
5516
537
2530
3531
4532
2542
9517
8525
9522
561
8534
5547
570
2567
1573
2570
6558
5562
4567
9550
6565
6566
6567
1589
9558
4579
7568
594
3587
2592
2594
7576
7579
2599
7583
3600
9580
6594
5600
1619
3612
625
9590
2619
9592
8597
3618
1628
1630
9599
5615
5616
4622
643
5625
3633
5628
9613
3637
5631
2644
6631
2647
7631
5639
4645
2652
8631
5648
4652
7648
5656
2669
9645
7665
7666
9661
8665
4683
2692
698
5682
5684
8674
3695
7681
3703
8686
9683
6696
3709
1717
2715
4709
1725
3718
3719
5712
7706
3724
9701
3730
4731
1745
4734
2743
7724
8721
1749
2752
761
8731
9728
768
2763
8740
8741
4760
782
7756
3773
2779
6771
4780
8765
8772
1801
4791
2801
3799
9779
8783
7787
4806
8792
7798
1826
830
9801
5819
6816
1841
7819
5832
8823
2854
4854
6847
9840
8844
4860
4864
7855
1880
9849
7858
9852
7862
3879
7864
9860
7868
4884
2895
1906
5895
8884
5897
9882
3907
6896
2910
918
6899
4907
8893
4909
8895
5910
4915
4916
937
6916
2933
6918
943
9909
7917
1946
4935
9916
2948
9926
7937
8934
4953
7942
1969
974
3965
5963
8953
8954
985
4973
2982
1991
2
6974
998
4985
8970
7974
7981
3997
8980
4996
1013
5003
7000
3017
30
33
6009
36
7009
5016
2029
5021
1040
9009
1042
1046
2042
6029
3041
2048
57
7030
2051
10019
8027
7034
3047
1062
7042
4056
9037
5055
10036
9041
2070
3063
4064
5061
2075
1081
6063
88
6064
4073
5072
3081
4078
3083
6076
8069
3090
1099
9066
3093
2098
9070
6081
5084
3098
10070
10071
3101
9076
8082
7087
1116
120
10082
3111
9087
125
6097
6103
10088
5107
3119
10091
1129
2127
3132
3134
10109
10112
5134
4139
4140
1151
10114
9123
3148
1156
6134
167
168
10128
9131
6151
9139
9142
2175
184
6163
4175
2183
10151
4178
2188
4191
5188
3195
210
10168
4199
8184
6197
1220
6201
5207
3216
2222
7204
3224
1235
9207
9208
2237
8214
2240
5230
4234
9216
8221
4235
2244
253
7229
6233
1256
260
8234
7239
4251
1
0
