1310
3111
5736
499
5739
5740
8363
503
8365
504
3127
508
5744
5745
8371
5748
3140
522
3143
5763
5766
5767
5768
3150
3152
533
3156
5777
5779
541
550
552
554
3174
556
3177
3184
5804
5808
3189
3191
5812
573
576
5816
3200
581
5822
5823
584
3204
3210
595
3216
3217
5837
3221
3224
5845
5846
5848
3230
5853
5856
617
618
619
5859
5861
624
625
629
3253
3254
3256
637
639
3263
644
645
5884
647
5885
3269
5886
5894
655
5898
5899
660
3280
3281
3285
669
672
674
5917
5922
5926
5930
3311
5940
3322
5945
5947
708
3329
710
3331
712
3333
714
715
3335
3340
5961
724
5967
5970
731
5971
733
3357
5978
741
3362
745
3366
3367
5986
3369
3378
6000
6001
767
6009
774
775
776
3397
6018
784
6024
6029
795
6036
6040
6044
6047
809
6050
6054
6055
3438
6058
6062
824
825
3445
3450
6072
835
836
837
838
6075
6080
842
3462
847
3467
3470
854
855
859
3479
6099
864
3485
866
6104
3488
6108
6111
3492
876
3497
3498
883
3507
3509
3512
894
895
897
6139
3521
910
6153
915
3541
3545
3547
928
6171
931
932
934
6175
6176
937
938
939
3553
3555
942
3558
3559
3566
3568
6189
955
6197
3578
959
6200
961
963
6204
965
966
970
6213
6216
977
979
6222
986
988
6230
3610
3615
6238
999
3623
6247
1007
1009
3629
6251
3631
6253
6256
3637
3640
1022
3644
3645
6269
6270
6271
3649
3651
6276
1036
6280
6285
1046
3667
3674
3678
3679
1060
6301
1062
1064
3684
3690
3692
6314
1076
6318
6319
6323
3709
3716
1097
6338
3717
6340
1102
1104
1108
1110
1112
1114
1119
1120
3741
3742
6365
3745
3755
6381
6386
6387
3768
6389
1152
6394
3779
6401
1164
1170
6411
3790
1173
3791
3794
6419
3801
6422
1183
1186
6428
1191
1192
1195
3817
6438
1198
6449
6452
1214
6456
6457
1216
3836
1222
1224
3844
6466
1226
1228
1229
3848
1231
3849
6473
1234
3850
3854
3856
6479
6480
3859
3861
3867
6489
3871
1252
1254
3874
1256
6500
3881
1269
3892
1273
3894
1275
1276
3895
6518
6519
3898
3903
6526
1286
3909
3910
1293
1297
6541
3924
1306
3927
1308
6549
3929
6556
1316
1318
1325
3947
3950
6571
3952
1333
1334
1336
6577
6578
6579
6580
1338
6583
1345
1352
3972
1357
3982
6603
6611
6612
6616
1377
3997
4002
4006
6627
6636
1399
4020
1403
6647
6648
4033
6657
6663
6665
1426
6672
6673
6674
6675
4052
1437
4054
6679
1440
6684
4064
4065
6689
6691
6692
1452
1454
4076
6700
6702
1462
4085
6711
1474
6715
1476
4094
1480
1481
4102
6725
6726
1488
4111
1493
6734
4117
4122
1502
1503
4125
1507
1508
4133
6753
6755
6756
4140
4144
4145
6765
1524
1525
1527
4154
6775
6776
6780
1541
4164
4167
6788
1550
6792
1552
1553
4176
4178
6798
4180
4183
6805
6809
4191
6812
1571
1574
4198
1580
4206
4209
4211
1591
6834
4216
6836
1598
4220
4221
6843
1603
4225
4226
6848
6849
1609
6852
4236
6856
6858
1618
4240
6865
1625
6867
1626
1629
6870
4251
1633
4258
1638
6883
4264
6884
6885
1643
1644
1647
6890
4271
1657
4278
1658
4281
6902
1661
6905
6906
6907
6909
1672
6913
4294
4296
6919
1684
6926
1690
1699
4321
1701
1712
1713
4335
1715
6957
1716
1719
4341
6961
6962
1722
4345
1723
6967
6968
4352
4353
1736
6986
4367
1753
4377
6997
1757
1759
1761
4384
4385
4386
7004
7008
1766
4396
7016
7019
1780
4402
4404
1785
1786
7029
4410
7030
1789
1797
7039
7043
1803
1807
4428
4430
4431
4432
7052
7053
4435
1811
1818
1819
7060
4442
7063
7073
7074
1833
4456
1835
1839
1840
1841
7083
1848
1854
4477
4481
7103
4485
1866
7108
4495
7116
4497
7118
4499
7119
1884
7126
4507
1886
4510
7134
1894
4516
1895
1896
7145
4529
4532
4534
7155
4536
1915
1917
1920
7161
7163
7165
1925
4548
1930
7172
4557
1938
4559
4560
7184
7194
7198
4580
7201
1962
1964
1966
4589
7209
1971
7212
7214
7223
1987
4613
1993
1995
1996
2001
4622
2006
4628
4630
7255
2015
4637
2016
2019
7260
7261
7264
7266
4649
2030
2034
2036
7278
2042
7283
7284
4666
2046
4669
7289
7294
4675
7298
7300
2061
2062
4685
7306
7308
4689
2070
4690
7309
4693
2079
7323
7332
4713
2094
7333
7334
7335
4724
4725
7346
7347
7353
7354
7356
4739
7362
7366
4747
4751
4752
7373
4754
4755
2137
4759
2142
7383
2149
4770
7394
2156
4776
2162
4783
4787
2168
4789
2170
7412
7416
7418
4803
4805
2187
7427
7429
7430
7431
7433
4814
7436
4821
2202
2203
7441
7442
7443
4828
4833
7453
7455
4840
7466
7468
4851
2233
2235
4857
7477
2239
4859
2246
4866
2249
2251
7492
2254
2257
7500
4882
7502
2267
7507
7509
7510
4891
4893
7517
2280
4902
7533
7535
2298
2300
4920
2302
4922
4923
4924
4925
7546
2309
7550
4931
7552
7553
7554
2316
4937
7558
2320
7560
4942
2324
4945
4947
2329
2344
2345
4966
4967
7584
2351
4972
2353
2354
2357
4983
4986
4987
7606
4989
4990
7607
2372
7616
7617
5002
7622
5004
2387
7629
7630
5017
7638
7639
2400
5022
2404
2405
7646
7647
7652
5038
5041
2427
5049
5054
7677
5066
5067
5068
2449
7691
2453
5073
2455
2456
5074
5076
5077
2461
2462
7701
2464
5087
5088
5089
2470
2471
2472
2478
2482
5102
2484
5104
2487
5113
5118
7740
5123
2510
2512
7752
5138
7759
5140
5143
2524
5144
2529
2538
7778
5165
2546
2547
7785
2549
5169
7789
5175
2556
5177
7796
7797
2563
5184
5186
7806
5188
5189
2570
7810
7812
2573
7815
2576
7817
7819
2582
5204
2587
5211
5212
5215
2596
2597
5221
7841
5226
7846
5229
5231
5235
2618
2619
5239
5241
2
6
5246
10
2630
7872
7873
2634
2638
5261
22
2642
5264
25
7886
27
2647
2648
2649
5267
5268
5272
5276
7896
7898
39
40
5280
2662
2663
5284
7907
49
2672
5293
54
7912
5297
2678
7921
2682
64
66
5309
5310
71
7931
2693
7936
7938
5320
81
2703
5323
5327
7948
89
93
94
2714
96
5334
7953
2720
2721
102
103
5343
5345
2726
7966
108
7969
110
7971
7974
5355
2740
2741
7981
5364
2747
5371
5372
2753
5374
135
5376
137
7991
7993
140
2760
2762
2763
7995
5385
146
8009
2770
153
8014
158
2783
2786
8029
8031
175
176
5417
8038
5419
181
2801
2803
2804
185
2805
5425
2808
5426
190
8042
8047
8052
194
8054
198
199
201
2822
5445
206
8066
2829
210
213
5454
8076
219
2841
222
8081
5464
8082
8084
2847
228
5467
5469
232
233
2853
8095
243
244
246
2866
248
2867
2870
8107
254
2875
5495
5496
8116
2879
261
8124
8126
269
8131
5514
2895
5516
2898
5519
281
2901
2905
2906
2907
8145
8148
2911
5531
2913
8152
8154
5536
5537
298
299
5538
8158
8161
303
305
308
2934
315
8176
5560
2944
5564
329
8189
333
2953
2954
2955
338
2958
2959
2961
5580
8206
5587
8210
8211
2971
353
8216
356
357
5599
8223
365
2985
8227
2987
5605
5606
5609
5612
2993
8234
5614
5616
377
5618
8240
3000
383
8245
5625
3007
3008
5628
8250
391
3010
5633
394
5635
8256
3019
5642
406
8267
3027
411
5653
414
8275
5655
8277
8280
420
422
5661
8284
8287
427
5668
8290
431
8292
432
5670
5671
5677
439
443
3067
8308
448
3068
3070
5690
8314
8316
8319
3081
5704
5705
8326
468
5709
8330
470
3094
475
8336
3095
479
3099
3101
5725
5726
8347
487
8349
13
343
31
9
69
253
124
101
128
389
77
311
26
314
