501
1973
1971
966
963
960
1959
956
1955
952
1952
949
1950
945
940
1941
1939
934
1935
932
930
1929
1928
1925
922
921
912
905
896
1892
884
875
1874
871
868
866
1865
862
1863
859
1859
1856
1850
843
1845
841
1843
840
834
829
1828
1827
823
1824
818
1819
1818
811
804
1803
800
791
1790
1788
1787
783
1785
782
778
776
1779
1778
768
1770
765
760
1752
1751
748
739
738
1738
733
1736
1735
732
1733
725
713
711
1714
710
1712
708
1710
706
1708
705
1702
1700
1699
696
689
686
1690
685
1688
1687
677
1676
1674
2673
665
1668
1667
2669
664
663
2664
1660
653
1656
2658
1655
2654
646
640
1641
2642
637
2639
2634
622
2626
1621
1619
2621
1617
614
612
610
606
1611
1609
2611
2610
1605
2604
2603
1599
2601
595
1594
1593
2593
1590
1588
2588
2586
576
1581
2583
2582
1579
2580
2578
1574
2576
1573
559
2573
2572
2571
2570
2569
1566
558
1563
1562
1561
2563
1560
2559
1549
1547
2549
1546
1544
1543
536
2541
535
1537
2538
529
1532
2533
1529
525
1527
523
520
2525
2524
516
2520
1515
2517
1514
2515
510
1511
1506
503
1501
487
484
2489
2488
2486
1480
476
1478
1472
2474
1471
2472
465
462
461
2465
458
456
455
2461
2460
1457
454
2457
2456
1453
2453
2452
445
2449
1446
2447
2446
441
2444
436
435
433
1436
1434
2437
2436
2434
2433
425
2429
424
1422
2425
2424
2423
1420
1418
1416
2418
409
2416
1412
1411
2413
406
1409
405
1407
401
1403
400
398
2401
1392
389
2392
2391
2390
1385
380
2383
377
375
374
373
372
1374
1372
1371
2373
368
2370
2369
364
1365
359
2363
357
2361
1354
2354
344
2349
1346
341
1343
1342
2343
338
337
335
334
1329
2328
1322
2323
318
316
2319
313
1314
311
309
1311
307
305
304
1306
1305
1304
299
2304
298
2302
1298
1297
293
2297
2292
283
281
2283
1278
275
274
265
1266
2266
2265
1260
2259
1253
1251
243
1248
1247
1246
2248
2247
2246
1243
239
237
1237
1235
2239
2238
2237
1234
1231
2233
227
225
224
1226
218
2224
2223
1220
1215
2217
212
2215
2213
2207
1204
198
1198
2200
2198
191
2195
1192
1189
1188
2190
1184
2185
1182
175
172
167
2178
1174
2176
1173
1171
1170
2172
1169
2169
2168
1165
162
2165
159
158
157
1155
1152
2152
2151
143
1142
133
1136
1135
2130
124
2126
1118
114
2116
110
2114
2113
107
103
99
95
88
2093
2092
2086
2083
1080
1079
75
1077
71
69
1071
65
63
61
1064
2066
1063
60
55
50
1052
1050
45
2050
44
1046
1045
2045
38
35
2038
1033
1032
2031
2026
1021
19
18
17
1016
2018
14
1007
1006
1002
2004
999
1996
992
988
5
78
37
13
21
40
