259
82
84
603
86
606
89
90
611
617
101
620
107
109
110
111
112
627
628
631
632
634
636
120
124
642
126
643
132
651
134
652
653
138
656
140
658
660
143
150
153
671
677
160
678
681
164
175
177
696
184
185
188
708
709
710
193
712
716
199
201
204
722
208
729
730
731
732
217
738
221
742
747
231
749
753
754
237
238
759
243
244
245
764
768
251
769
770
255
774
776
259
264
265
266
267
268
269
273
799
282
283
284
285
291
292
809
812
813
296
299
818
301
302
820
304
824
825
308
309
828
313
314
315
833
834
323
842
326
846
330
849
850
852
340
341
861
344
345
862
348
349
867
869
352
355
359
360
877
879
366
885
368
369
886
887
890
373
891
375
892
897
384
385
389
393
394
397
399
400
402
404
923
406
924
929
413
934
939
947
431
433
435
436
956
445
448
450
451
452
968
971
974
976
460
463
464
468
470
989
472
990
474
992
476
996
487
488
1007
1008
491
493
495
1014
498
499
1016
501
1020
507
509
513
515
0
1
518
520
6
527
11
20
538
22
540
25
27
29
30
31
547
553
36
558
559
560
46
50
571
54
56
57
576
60
583
66
585
70
588
79
598
70
303
164
25
306
308
34
323
44
47
188
331
332
53
54
55
196
333
334
199
200
202
66
207
68
69
351
352
215
223
84
365
86
90
231
238
99
100
101
239
240
248
109
113
114
115
258
259
263
128
136
277
138
278
280
1
142
5
146
287
8
288
10
290
296
157
297
298
20
21
160
