184
1777
1778
1412
1045
1046
2149
2150
1414
676
681
2156
318
1431
1065
1069
1806
334
339
340
341
2182
708
710
2185
1820
1454
2191
352
722
356
1830
2199
729
1468
366
2209
2211
1477
375
1479
744
2219
12
1484
14
1119
2222
1485
20
1124
389
756
24
393
760
1131
1868
34
402
1509
774
1145
1883
1527
60
428
799
1167
801
431
1542
806
1544
807
1910
1178
1182
1183
1553
817
81
449
87
825
826
460
829
831
1199
1939
842
107
108
475
1954
1587
1219
487
857
1227
1966
1231
132
1237
501
1976
141
1981
1616
513
144
1254
520
1625
1258
524
534
536
537
1275
1645
543
1282
547
178
1653
179
2019
2025
555
1661
2030
565
2037
2043
1315
947
215
1688
586
2060
957
962
1331
2070
1703
600
1340
1708
608
979
243
984
1353
985
248
988
2094
2095
623
1361
2099
1733
1737
634
1002
2110
1377
2114
1746
1382
1750
1384
1016
282
2122
2128
1394
2131
2132
1395
1764
296
301
1
38
