600
1420
221
220
1418
218
1415
216
215
1413
1410
1409
1406
1405
207
206
205
1401
200
198
197
195
1392
193
192
191
1390
189
1387
1386
184
1383
1381
1380
180
1379
1378
176
1375
1371
173
1370
171
170
169
167
1366
1363
1362
1361
1360
1359
159
1354
155
154
1353
1352
150
1349
147
1346
1344
1342
1340
141
140
1338
1334
1332
134
133
132
1327
128
127
1326
125
1323
1322
1318
119
1317
117
1316
1315
1312
111
1310
1308
107
1306
1305
102
1297
98
1296
96
95
94
93
92
91
88
1287
1284
1282
1279
79
1277
1275
73
72
1269
1268
69
1267
67
65
1264
61
60
59
1255
57
56
55
1253
1251
1242
1241
43
42
1239
1238
39
38
1233
31
1230
1229
28
1225
25
1224
1223
1220
20
1217
17
1216
12
1209
10
9
8
1206
1205
1204
1203
3
0
1198
1197
1196
1189
1188
1186
1185
1184
1183
1181
1180
1168
1167
1166
1162
1155
1152
1149
1144
1143
1142
1141
1137
1131
1130
1111
1110
1109
1105
1104
1103
1102
1101
1100
1099
1096
1095
1091
1090
1089
1088
1086
1084
1083
1080
1079
1078
1077
1076
1074
1073
1071
1070
1068
1067
1061
1059
1053
1052
1050
1046
1044
1043
1040
1039
1037
1036
1035
1033
1027
1021
1020
1013
1011
1009
1006
1004
1001
999
997
994
992
989
988
984
983
982
981
978
977
972
968
966
962
960
958
953
948
940
938
932
927
925
921
919
918
916
915
913
910
909
908
907
904
902
898
891
888
882
881
880
879
876
873
872
869
866
860
857
856
852
851
849
848
847
844
843
842
834
832
831
824
819
818
817
812
809
808
807
804
803
800
798
796
793
792
791
788
780
776
769
764
763
762
758
757
753
751
750
745
742
739
738
737
734
733
725
724
723
722
721
718
714
713
709
708
707
705
703
701
698
696
692
682
679
676
675
674
673
671
670
668
667
666
665
664
654
653
652
647
646
645
640
638
637
636
634
631
630
625
622
621
612
609
607
606
604
603
600
598
597
593
590
588
584
582
578
570
569
568
566
561
560
551
550
548
547
542
539
537
535
528
527
523
522
520
518
517
516
512
511
510
509
508
507
504
502
499
498
496
489
487
486
484
477
475
468
466
463
452
451
447
444
443
441
437
432
428
418
411
408
1600
405
404
403
402
401
400
1599
1595
394
1593
392
1591
1590
1586
1585
387
1584
1583
384
1579
382
1577
380
379
378
1576
376
1574
1573
1571
372
371
370
1566
365
1564
363
361
359
356
1555
1552
1551
349
1548
347
345
1542
1541
342
341
1539
338
337
1536
1535
1532
332
1531
1526
326
1525
1521
321
320
1518
317
315
1514
1512
1508
305
304
1502
301
299
1497
296
1494
1493
293
292
1491
290
1487
1484
1480
286
285
284
283
282
1478
1476
1474
1472
277
276
275
274
273
1471
271
1470
1468
1467
1465
265
1463
1461
1460
260
1458
258
1457
1453
1451
254
253
1450
251
250
1449
1446
1442
1439
243
1438
241
1437
1434
238
1431
236
235
234
233
232
1430
1429
1428
1427
1426
226
225
1424
1423
103
36
241
240
238
234
233
27
25
228
21
16
217
213
212
9
8
7
211
210
4
3
1
199
197
193
192
191
190
187
184
182
174
172
378
169
168
167
162
158
364
153
150
358
149
356
148
354
146
144
344
343
342
341
132
334
125
124
327
115
318
317
109
103
102
311
310
309
308
99
96
300
297
296
88
86
84
81
80
77
283
73
70
68
273
64
63
62
266
265
53
259
257
255
49
47
252
248
246
42
244
40
39
38
