1312
581
3204
3200
5823
5822
573
5816
3191
3189
5812
5808
3184
5800
556
3177
554
3175
552
3174
550
541
533
3156
5779
5777
3152
3150
522
5768
5767
3143
5766
3140
5763
508
3127
504
503
5748
8371
5745
5744
5740
8365
5739
8363
5736
3111
487
5726
5725
3101
479
3099
8349
475
8347
3095
3094
470
468
8336
5709
5705
8330
3081
5704
5690
3070
448
8319
3068
3067
8316
443
8314
439
8308
432
431
5677
5671
8297
5670
5668
422
420
8292
8290
8287
414
5661
8284
411
5655
8280
5653
406
8277
3027
8275
5648
5642
3019
8267
394
3016
391
5635
5633
3010
3008
3007
8256
383
5628
5625
8250
377
3000
8245
5618
5616
2993
8240
5614
5612
365
5609
2987
8234
2985
5606
5605
357
356
8227
353
5599
8223
2971
8216
5587
5580
338
8211
8210
2961
2959
2958
8206
333
2955
2954
2953
329
2944
8189
5564
315
5560
2934
308
305
8176
303
299
298
8161
8158
8154
5538
5537
2913
5536
2911
5534
5531
2907
2906
2905
281
8152
2901
8148
2898
274
8145
5519
2895
269
5516
5514
261
8131
8126
8124
2879
254
8116
5496
2875
5495
2870
248
2867
246
2866
244
243
242
8107
233
232
2853
228
8095
2847
222
5469
5467
219
8089
2841
5464
213
8084
8082
210
8081
8076
5454
206
2829
204
201
2822
199
198
5445
8066
194
190
8054
8052
8047
185
2808
5426
2805
181
2804
2803
5425
2801
176
175
8042
5419
5417
2793
2786
8031
2783
158
8029
153
2770
146
8014
8009
5385
140
2763
2762
137
2760
135
2753
5376
7995
5374
5372
5371
2747
7993
7991
5364
2741
2740
110
7981
108
5355
7974
7971
2726
103
102
7969
7966
5345
2721
2720
96
5343
94
93
2714
89
5334
7953
7951
81
5327
2703
7948
5323
5320
71
7942
2693
7938
66
7936
64
5310
5309
2684
7931
2682
2678
54
7921
5297
49
2672
5293
7912
2663
40
39
2662
5284
7907
5280
7898
7896
5276
5272
27
2649
25
2648
2647
22
5268
5267
2642
5264
7886
2638
5261
2634
10
2630
6
2
7873
7872
5246
2619
2618
5241
5239
5235
5231
5229
5226
7846
5221
2597
2596
7841
5215
5212
5211
2587
2582
5204
2576
2573
2570
7817
7815
7812
7810
5189
5188
2563
5186
5184
7806
2556
5177
5175
7797
2549
7796
2547
2546
7789
5165
2538
7785
7778
2529
2524
5144
5143
5140
5138
2512
7759
2510
7752
5123
5118
7740
5113
2487
7734
2484
2482
5104
5102
2478
2472
2471
2470
5089
5088
2464
5087
2462
2461
7701
2456
2455
5077
2453
5074
5073
2449
7691
5068
5067
5066
5054
7677
2427
5049
5041
5038
7652
2405
2404
7647
2400
7646
5022
5017
7639
7638
2387
5010
7630
7629
5004
5002
7622
2372
7617
7616
4990
4989
4986
7607
4983
7606
2357
2354
2353
2351
2345
2344
4967
4966
7584
2335
2329
2324
4947
4945
2320
4942
2316
7560
4937
7558
7554
7553
2309
7552
4931
7550
7546
4925
4924
2302
4923
2300
4922
2298
4920
7535
7533
2280
4902
7517
4893
4891
2267
7510
7509
7507
4882
2257
7502
2254
7500
2251
2249
2246
7492
4866
2239
4859
2235
4857
2233
7477
4851
7468
7466
4840
4833
7455
7453
4828
2203
2202
4821
7443
7442
7441
4814
7436
2187
7433
7431
7430
7429
4805
7427
4803
7418
2170
7416
2168
4789
7412
4787
2162
7408
4783
2156
4776
2149
7394
4770
2142
2137
7383
4759
4755
4754
4752
4751
7373
4747
7366
4739
7362
7356
7354
7353
4725
4724
7347
7346
2094
2092
4713
7335
7334
7333
7332
2079
7323
2070
4693
4690
4689
4685
2062
2061
7308
7306
7300
4675
7298
2046
7294
4669
2042
4666
7289
2036
7284
2034
2030
7278
4649
2019
7266
2016
7264
2015
7261
4637
7260
2006
7255
4630
4628
2001
4622
1997
1996
1995
1993
4613
1987
7223
1971
1966
1964
7214
4589
7212
1962
7209
4580
7201
7198
7194
1938
7184
4560
4559
4557
1930
1925
7172
4548
1920
1917
7165
1915
7161
4536
4534
4532
7155
4529
7145
1895
1894
1886
7134
4510
4507
7126
4499
4497
7119
4495
7118
7116
4485
7108
4481
7103
1854
4477
1848
1841
1840
1839
1835
7083
1833
4456
7074
7073
1819
1818
4442
7063
7060
1811
7053
4432
4431
4430
7052
4428
1803
1797
7043
7039
1789
1786
4410
1785
1780
7030
7029
4404
4402
4396
7019
7016
1766
1761
7008
4386
4385
4384
1759
1757
7004
1753
4377
6997
4367
6986
1736
4353
4352
1723
1722
1719
1717
1716
4345
6968
6967
6966
4341
1715
1713
6962
6961
1712
4335
6957
1701
1700
1699
4321
1690
1684
6926
1672
4296
6919
4294
6913
1661
1658
1657
6909
6907
6906
6905
4281
6902
4278
4271
1644
6890
4264
6885
6884
6883
4258
1629
4251
1626
1625
6870
6867
1618
6865
4240
4236
6858
6856
1603
6852
6849
4226
4225
6848
1598
4221
4220
6843
4216
1591
6836
4211
6834
4209
4206
1580
1574
4198
1571
4191
6812
6809
4183
6805
4180
1553
4178
1552
4176
1550
6798
6797
4168
1541
6788
4164
1537
6780
4154
1527
6776
6775
1525
1524
4145
4144
6765
4140
1507
4133
6756
6755
6753
1503
1502
4125
4122
1493
4117
1488
4111
6734
1481
1480
1476
6726
4102
6725
4100
1474
4094
6718
6715
6711
1462
4085
4076
1454
6702
1452
6700
4065
6692
6691
4064
6689
1440
1437
6684
4054
6679
4052
4051
1426
6675
6674
6673
6672
6665
6663
4033
6657
1403
1399
6648
6647
4020
6636
4006
6627
4002
1377
3997
6616
6611
3983
3982
1357
6603
1352
3972
1345
1338
1336
6583
1334
1333
6580
6579
6578
6577
3952
3950
1325
3947
6571
1318
1316
6556
1306
3929
3927
6549
3924
1297
1293
6541
3910
1286
3909
6532
3903
6526
3898
1276
1275
3895
1273
3894
6519
6518
1269
3881
1256
1254
1252
6500
3874
3871
3868
3867
6489
3861
3859
3856
3854
3850
1234
1231
6480
6479
3849
1229
1228
3848
1226
6473
1224
1222
3844
6466
1216
1214
3836
3832
6457
6456
6449
1198
1195
3817
1192
1191
6438
1186
3808
1184
1183
6428
3801
6422
1173
3794
6419
1170
3791
3790
1164
6411
3779
6401
1152
6394
3768
6389
6387
6386
6381
3755
3745
1122
3742
1120
1119
3741
6365
1114
1112
1110
1108
1104
1102
1097
3717
3716
6340
6338
3709
1076
6323
6319
6318
3692
3690
6314
1064
3684
1062
1060
6308
3679
3678
6301
3674
1046
3667
6285
1036
6280
6276
3651
3649
3645
1022
6271
6270
6269
3644
3637
3631
1009
6256
1007
3629
6253
6251
3623
999
6247
3615
6238
988
3610
986
6230
979
977
6222
970
6216
966
965
6213
963
961
959
6204
955
3578
6200
6197
3568
3566
942
6189
939
938
937
3559
3558
934
3555
932
931
3553
928
6176
6175
3547
3545
3541
915
910
6153
3521
897
895
894
6139
3512
3509
3507
883
3505
876
3498
874
3497
3492
866
3488
864
6111
3485
6108
859
6104
3479
855
854
847
3470
3467
842
3462
838
836
835
6080
6075
829
6072
3451
3450
825
824
3445
6062
3438
6058
809
6055
6054
6050
6044
795
6040
6036
784
6029
6024
776
775
774
3397
6018
767
6009
3378
6001
6000
3369
745
3367
3366
741
5986
3362
3357
733
732
731
5978
724
5971
5970
5967
3340
715
714
5961
712
3335
710
3333
708
3331
3329
5947
3322
5945
5940
3311
5930
5926
5922
674
672
5917
669
3285
660
3281
3280
655
5898
647
3269
645
644
5886
3263
639
5885
637
5884
3256
3254
3253
629
624
619
618
617
5861
5859
5856
3230
5853
5848
3224
5846
5845
3221
595
3217
3216
5837
3210
584
13
314
26
311
77
389
128
101
124
253
69
9
31
343
