419
1017
1016
178
1011
1850
1849
1007
1839
1000
1837
1832
990
988
151
1826
986
148
1823
979
1817
977
139
138
1812
973
133
129
1803
963
1797
120
1793
951
950
113
1788
110
946
944
106
105
940
100
937
1773
97
1771
95
1768
91
928
1757
81
1755
79
77
901
1743
67
66
1740
1739
63
1738
1737
60
57
56
893
54
1728
1720
1719
879
40
877
872
37
871
869
1710
33
1708
31
1705
29
27
1700
24
21
19
18
852
15
14
850
12
847
8
7
6
1681
841
2
1
1672
833
1668
828
821
1657
818
1655
814
805
804
1642
1641
1636
1634
1632
793
1628
789
787
782
777
776
774
1611
772
756
754
1592
753
1589
747
1584
745
737
733
1560
1559
1557
716
1554
713
1550
710
1548
705
703
1534
1521
682
1519
679
1512
665
663
1500
661
660
1495
650
644
643
642
637
1475
630
628
627
1467
1466
1465
1462
1454
1447
606
604
1439
1438
599
597
594
1432
1431
592
590
1427
1425
1423
580
578
1415
575
574
572
559
558
1396
1394
552
1390
551
1388
1381
1379
1377
535
531
528
1362
519
509
508
507
506
1345
2183
1343
2181
1341
502
498
2172
1328
1327
2166
1326
2164
1325
485
2160
2156
1317
2154
2153
475
471
1312
1309
1308
2147
2146
469
468
2143
1304
2139
1297
2133
1294
451
448
1287
2124
1285
1284
1277
1273
2111
432
2109
1270
431
430
428
2104
426
423
421
419
1257
415
1251
1245
405
401
1234
1233
2071
1231
389
2067
388
2065
1226
387
1221
382
1219
380
377
1215
371
2046
1205
2041
1203
2038
2036
2034
360
1197
1196
353
344
341
1175
2012
2010
2005
1171
329
1169
1168
1167
2004
2002
2001
323
1997
321
320
1995
1154
1990
313
311
1984
1147
308
1145
306
1980
1142
1978
1973
297
1972
294
1132
1130
1965
1127
1964
284
282
279
1951
277
1948
1113
1947
273
1945
1109
268
1107
267
1105
1942
263
1100
1933
1092
252
251
1087
247
1085
1084
1083
1920
1081
1080
1078
1915
1914
1911
236
234
1072
1070
231
1901
1067
1900
1065
1064
225
224
1060
1894
1892
1050
1049
206
1044
1880
204
200
1038
1037
1036
196
1869
1868
1867
1866
189
1022
1024
185
1860
1859
1020
17
4
138
136
32
99
95
163
60
59
20
84
151
81
47
114
44
7
