398
5027
4231
250
5025
2636
1839
2624
1032
1029
1028
1822
5004
228
4207
3410
1020
6591
1015
1807
4987
1804
2599
2595
5778
5777
6571
4181
5772
4176
4970
4969
3375
7355
6558
2576
188
983
7350
2572
1768
5748
2564
6540
6537
167
7330
961
7327
6530
953
4932
1745
153
1744
7314
6511
139
3322
4912
1727
135
7296
4112
4906
1720
3308
4107
4106
7289
7288
6489
915
4094
4090
5682
6477
901
2490
897
4876
895
5670
4873
6462
4869
881
4863
6456
1677
2474
3268
7248
80
870
866
2458
69
858
4838
1654
6430
4036
1648
3240
5625
5623
52
7215
4824
3226
41
3223
6406
5606
4009
4004
824
2418
2417
823
4801
1616
7189
7188
5594
7185
3201
16
7179
7178
809
1602
7171
1597
3189
7168
799
3980
6366
1584
3970
3170
780
3961
3960
1573
6348
7141
5548
7138
2362
4742
4740
2349
5532
3937
3935
749
5525
3137
744
6316
3131
4722
740
1535
4717
735
7101
1528
2324
2323
723
3905
3109
719
717
5489
1503
7062
3877
4673
3082
2285
7057
6262
4669
5463
3869
4665
3067
2271
5453
5451
674
3856
4649
6241
4636
3839
2245
3831
648
4627
5424
5423
7013
4623
7004
4618
6210
3821
3818
4615
1429
2225
4612
3814
4608
1422
6991
5390
5389
2201
6976
3791
6173
2986
595
4573
2184
3775
3772
2180
584
4564
1380
2970
6950
3760
6149
1372
6147
4554
6941
6138
2156
5329
2144
551
2938
4529
4525
2137
3727
4521
6904
536
535
4515
1331
2122
3713
3703
1315
3702
2897
5289
2105
4492
3695
1306
4489
4487
4484
6074
501
2093
1296
497
1290
6059
6058
1282
2076
2871
480
1275
6048
6842
3658
6837
3650
5239
4439
1255
3634
6817
3632
4427
3622
1230
6801
2820
3615
5205
3612
426
4405
4403
3603
5195
415
1211
2801
413
6778
410
3593
1204
1201
2791
1198
2788
1986
4374
5169
5955
5163
6753
4365
5953
3567
1178
4360
4359
5155
3562
5945
6739
1167
5147
370
4349
364
6731
360
4338
6725
4336
5926
343
4321
6706
338
5906
5904
1923
5105
4305
4304
3505
5890
2707
6686
316
1112
315
2701
1903
3495
2698
6673
3488
299
298
1094
5867
6663
294
2681
1086
4269
1880
5859
5857
6652
1875
5056
1075
4254
270
2656
5837
1856
2648
4237
1053
3
353
10
386
