170
1015
333
1011
1007
326
325
664
661
318
995
316
655
989
984
305
644
642
977
973
972
290
629
287
965
283
612
272
268
947
941
601
260
598
589
245
240
926
585
238
923
920
581
580
579
917
577
914
575
574
913
232
911
570
569
224
563
221
561
899
214
893
551
549
887
886
202
882
200
540
878
538
534
193
532
191
189
868
185
184
524
863
861
519
172
849
847
162
152
150
829
146
826
144
823
141
140
819
814
133
811
810
129
126
461
460
120
800
458
798
797
794
107
786
441
98
779
778
89
769
767
764
424
84
417
1098
1097
756
71
69
1089
67
63
741
59
398
57
1076
1075
732
53
392
1071
729
47
384
42
720
37
35
1051
365
25
24
701
1040
358
18
17
696
15
12
350
349
7
346
683
1021
1
0
677
2
35
53
