502
88
3101
2098
10128
5107
5108
1099
9131
3111
9139
9142
3119
6134
3123
1116
10151
5134
2127
3132
120
3134
4139
4140
1129
125
6151
10168
3148
3151
1151
1156
8184
4175
4178
2175
5188
167
168
9207
9208
6197
5193
4191
7204
2183
9216
2188
8214
4199
3195
184
10226
5207
5217
3212
7229
10242
3214
3216
8237
6233
5230
7239
10252
3224
2222
9251
8248
1220
4234
4235
8252
210
6246
7251
7256
2237
9267
10272
2240
8266
4251
10276
1235
4254
9277
5261
6268
8279
1256
3265
253
3267
6281
8291
260
8294
2270
2272
1268
10307
9304
1272
6296
2283
6301
10321
4298
10324
5306
9325
9326
4306
3301
3302
1298
7323
297
6322
3311
2306
9337
8334
7330
5321
1310
3319
6342
3330
2326
9357
2329
3335
6348
9361
7354
2332
6352
5349
5351
1337
335
338
5365
7375
6372
4366
9387
3363
7382
8395
7391
5385
4379
3378
5389
5390
3383
6398
8407
374
9414
7410
9422
9423
5408
8421
4402
9427
387
389
9431
6422
6425
5421
3415
1405
5426
9445
7441
9452
4441
6453
9468
6457
435
9472
9475
4459
6471
449
9486
3463
9488
4468
8488
8490
6482
5480
4477
8499
1471
5494
1480
4494
478
9517
6506
5502
9522
492
8525
5516
499
8534
2517
9550
4532
3531
1524
9558
2530
5547
527
6558
2542
537
7568
6566
6567
5562
8577
7576
7579
4567
2561
9590
9592
2567
561
2570
9599
4579
8597
2576
1573
6594
570
3587
9613
5600
2592
1589
2594
3600
588
2599
594
5615
5616
8631
5619
3612
5625
4622
6631
5628
9645
3618
5631
2619
9649
1612
1619
2625
5639
7648
3633
1628
9661
3637
1630
8660
5648
4645
625
8665
4652
7665
7666
2644
8674
1647
2652
643
9683
1654
7681
8686
2669
5682
5684
9701
4683
6696
5694
7706
3695
2692
8721
3703
9728
5712
7724
8731
3719
2715
8741
3724
1717
4731
4734
3730
1725
4742
3738
7756
8765
2743
6760
8772
1745
3754
9779
4760
2752
1749
6771
8783
2763
2764
7787
8792
3773
761
4780
9801
768
7798
2779
4791
782
3799
4806
8823
7819
6816
2801
1801
5819
8844
9849
5832
9852
1826
6847
9860
7855
7858
830
7862
7864
1841
4854
7868
4860
9882
2854
4864
8884
8893
8895
3879
6896
9909
6899
5895
5897
1880
9916
9919
7917
9926
4907
4909
6918
3907
4915
4916
8934
2910
1906
7937
7942
918
8953
8954
2933
5947
3944
936
4953
8970
937
2948
1946
5963
943
7974
8980
6974
7981
3965
4973
1969
4985
2982
974
7000
9009
4996
4997
10019
7009
3997
1991
985
6009
998
8027
10036
5016
4011
2003
5021
2
7030
9041
6029
3017
1013
7042
2029
3041
30
10070
10071
33
9066
9070
1040
36
8069
6063
2048
9076
1046
2051
10082
6064
5055
5061
10088
4056
8082
10091
9087
6076
5072
4064
3047
57
1062
7087
6081
4073
2070
4078
5084
2042
2075
3081
10109
3083
10112
6097
10114
1081
3090
6103
3093
9123
1
0
