358
519
1959
1246
1964
1965
535
1253
1254
539
552
554
1988
559
1992
1993
1278
564
2001
572
2006
2007
577
1294
2012
583
1306
594
1314
1322
2039
613
2045
1331
2049
2051
1335
625
1342
2059
1343
629
1346
2070
2071
1356
1357
652
655
656
1374
662
2095
668
673
674
675
2108
1396
1399
1400
2117
2120
2124
692
2126
694
2129
1414
2137
1421
708
2145
713
714
1434
2151
1435
5
1445
731
16
1448
1449
740
2176
744
30
745
1461
749
753
42
759
1474
764
1484
2201
769
1485
57
2205
2207
777
68
1500
2218
786
787
1502
2227
1513
83
2231
799
802
2235
1517
1521
93
813
98
104
2255
823
824
825
119
120
2269
122
2271
124
837
2275
2276
1562
1564
2282
135
1571
140
855
142
2290
2292
864
1582
867
1584
1585
2303
156
1589
1592
876
162
877
1596
2312
2313
880
884
2317
1602
170
171
2319
888
175
2328
1613
181
2332
2333
2335
904
1622
190
2338
2339
910
1627
195
2343
198
2349
2351
920
922
1643
212
2361
928
1649
2365
2366
2369
2372
2373
230
1663
2379
2381
234
1669
238
953
956
957
1677
245
2394
248
1681
2395
2399
968
2403
1691
975
2409
1695
1696
263
2412
267
268
2416
984
986
279
1712
996
997
998
1717
1718
1001
2436
1002
291
1007
1728
1729
1731
1732
1733
2447
1736
1739
2455
1743
311
2460
317
2465
1036
2470
1043
330
1765
337
2488
1773
341
2489
1777
1062
1063
2494
352
2500
1788
359
2507
2510
363
2512
365
2513
367
2516
1088
1089
2520
2522
1093
1810
1811
1096
378
385
1102
1818
388
2534
1107
2543
1828
1113
397
1832
2550
1121
1842
1127
1843
2561
1844
1134
2569
1137
1139
1858
1143
1860
429
1146
1147
432
1149
434
1868
1153
1869
2589
441
1159
446
1163
1164
2603
1887
1892
1177
1178
461
465
468
1901
1189
1190
2623
477
488
1206
1207
1208
1922
494
1928
499
1220
1939
1225
1226
1229
514
8
16
81
146
83
5
23
57
122
