1208
3563
5978
1152
1153
5986
3576
1161
1170
3586
1172
1174
1175
1176
6011
3602
1190
1191
3606
1193
1195
6028
3619
6038
6041
3628
1214
6048
1221
6057
6058
6062
3647
6070
1239
1241
1244
1245
6078
3663
1249
3665
3666
3672
6089
1261
1269
6103
1272
3689
3690
6104
1278
1280
1281
6112
3699
1284
6113
3702
3703
6119
6121
1291
1295
1299
6132
3717
1303
3720
3722
6140
6142
1311
3730
3731
3734
3738
1327
6160
3743
1330
3755
1342
6177
6180
3767
1353
1355
3771
6191
1360
6193
6194
3781
3782
6199
6200
3785
3786
6204
3788
6209
1377
3799
1384
6218
3804
1389
6222
3808
6227
3811
3813
1398
6232
3817
1407
1411
6244
6245
1414
3831
1417
1418
3835
3837
6257
6259
6262
3849
1438
3858
1443
6277
3863
3865
1452
1453
3870
1455
6293
3882
1470
3887
1473
3889
3890
1478
1483
6317
3901
3910
1496
6330
3917
1503
6337
1505
3923
3925
1510
1511
3931
1516
6349
3933
3937
3940
1525
6358
3944
3945
6363
1533
1536
3957
3958
6378
3963
1549
1550
1551
1553
1556
3973
6390
3975
3976
6398
3982
6400
3984
6402
3989
3991
1577
6411
6412
1579
3999
1584
1585
1587
4005
6422
4006
4010
1600
1603
6436
1604
4022
6440
4027
1613
1614
1615
4031
6449
6451
1619
6455
6458
6463
6464
4049
6467
4053
4054
6475
4061
4062
4063
4065
1651
4072
6490
1660
6495
4079
4082
6500
6502
1672
1679
1680
4095
4100
1684
6520
6522
4109
4110
1695
4112
1697
6536
1704
6540
1709
1710
4128
6546
4134
1728
4146
1730
1738
6572
1743
1747
6580
4165
4167
1751
1755
4172
4176
6595
1765
1769
4188
1773
4194
1778
4198
6621
1789
1791
4209
6627
4212
4213
6629
4215
4217
6633
6635
1803
4223
1809
1811
1813
4232
1819
1820
4241
6659
1831
6666
1835
4252
1836
4254
4255
6672
1842
6676
1845
6679
6686
4272
1856
1858
1862
1864
4282
6700
6701
1871
4288
6706
1878
4296
4297
4301
1885
1888
6726
6727
6728
6731
4317
6737
6743
6745
6750
1919
6752
6755
4341
6757
6762
4348
1934
6771
1940
1944
4361
1946
1947
6780
6783
6784
4369
1952
4373
6790
1959
1963
1965
1966
1970
6805
1973
4393
6811
1987
6821
1993
1994
1997
6830
4415
6831
2003
2009
4428
2014
4432
6849
4436
6853
2024
2028
2031
2032
6865
6870
2039
4458
6875
2046
6879
6883
4468
2057
2058
4473
2063
2064
4481
2066
4482
4483
4486
2074
2075
4492
6907
6909
4495
2085
2087
4504
4505
6919
4509
4510
4511
6925
6928
6929
6930
4516
6931
6934
2103
2104
4523
4525
6941
2111
4528
2115
4535
6951
6953
2123
2124
2126
2129
4546
6962
2132
2133
6965
4551
6967
2137
4560
2145
6976
6984
4569
2154
4571
2157
2159
4575
6991
4581
2167
2168
4585
7005
7009
7010
7020
2190
4608
4609
7026
4611
7028
2197
4614
2199
2205
2208
4625
2210
2211
4630
2215
7048
4633
2219
4635
2221
4637
2225
7058
2227
7060
7061
4647
7078
4665
2252
4668
4669
2255
7091
2263
2264
4682
4686
7102
4689
7109
4694
2282
4698
7116
2285
7125
2295
2296
2299
4716
7134
7135
2307
2309
2311
4727
4731
2322
2323
7156
4741
7157
4744
2331
2332
4750
4751
4755
7171
7173
4759
7175
4761
2346
4764
4765
7181
4767
7182
7184
7186
2357
7190
2363
7199
7201
2373
4789
4791
7208
7210
7212
7213
2383
2385
2387
4804
2389
4805
4807
2392
4808
2394
2395
7219
7222
7228
2399
7229
7233
2402
7237
2406
4825
2412
2413
0
1
4833
2419
4836
7252
2422
7257
7262
7265
7268
4853
23
24
4855
2443
2444
31
32
2448
34
2452
37
7284
7286
2456
4882
7299
2468
2469
4885
7303
4889
4892
4894
2483
2485
7318
71
7319
2489
7321
7322
2492
7323
78
86
2503
7334
2505
4921
7336
7338
4927
4928
4929
7344
4935
2521
4938
2524
110
7361
2532
119
7368
4957
4958
2544
7378
4964
2549
4965
7380
7381
4969
4970
7382
7389
2559
7392
4977
148
149
150
7397
153
4985
7406
7407
2576
4993
162
7409
4996
7414
167
7416
171
2588
7422
177
5011
7429
7430
183
185
187
2607
192
2608
194
2609
2611
2613
7439
2615
2617
7453
2625
7457
7461
5046
7463
5049
2634
2635
5050
223
2641
5059
7475
7479
5066
2652
2654
7489
5076
2662
5078
249
5081
254
5087
2674
2676
261
5093
2679
2680
265
5097
5098
7508
269
7510
5103
7516
2690
7522
279
290
7538
293
297
5134
2721
309
5141
312
7564
5150
5154
7571
326
5159
5160
7576
7577
7583
2755
7590
7593
7602
2771
7603
2773
2774
5191
360
7609
7612
2781
7614
7617
5204
2789
2790
5207
7621
2793
5211
7630
2799
385
7633
7634
2807
392
2811
396
7644
5231
2816
2817
2819
7651
5238
7659
5245
7663
416
2832
422
7670
427
2843
2844
2845
5261
5264
5265
2850
7677
436
7678
7684
7689
2861
7697
450
7699
7700
7704
2878
464
7713
467
468
2884
2886
5300
7719
5306
7723
479
480
2896
7729
486
487
2903
5319
5320
5323
493
2910
7741
496
497
7742
7746
2916
2917
5332
2919
7753
2922
514
516
5348
519
5351
7771
5356
525
7773
7774
7777
5365
537
5375
2960
7798
554
7806
5392
566
7814
5400
570
5402
5404
2992
2993
5409
2996
5413
5414
3002
587
588
5419
7839
7841
596
7844
7846
7847
600
603
605
3021
3023
7855
609
613
616
617
5448
5453
623
3039
5457
3042
5462
631
632
633
634
635
5466
3053
7883
640
3058
645
3063
7901
3071
5491
5492
661
3084
7916
7917
5505
7922
675
676
7925
3095
7927
682
683
5516
7930
7931
5519
688
5520
5521
7935
3108
5524
7943
7944
7946
699
3115
701
7952
3121
3126
7959
3128
7960
3130
5548
3133
718
5549
7973
726
3142
3144
729
5568
5575
744
5576
5578
748
3164
7996
752
5585
8001
8002
761
3179
764
8012
766
3182
771
8020
5612
3199
5615
785
8031
788
3204
5622
8036
8041
5626
8042
8043
8044
5630
5631
804
3220
3223
8056
3225
5641
8057
3228
8059
8062
3233
822
5655
827
3243
5661
8076
3247
833
5668
839
8088
3259
844
846
3263
848
854
8106
8107
5692
8109
3278
8110
5697
868
3284
3285
3286
8118
3290
5710
881
5713
5719
8139
8141
5728
5733
3319
904
905
8152
909
5743
912
3331
916
917
3332
5747
5752
5753
5754
924
8173
5758
5760
3345
8177
8179
8184
8185
5773
5774
5775
8193
8202
3371
5786
5787
8206
8207
959
3376
8210
5789
964
3383
3385
972
8223
3392
5809
8227
8228
5812
5813
5819
988
989
8239
992
993
8242
3410
5826
5834
8252
1005
8254
3423
5839
8257
3427
8261
3430
8264
1017
1018
8272
5856
1026
5860
1029
3447
5864
8282
5867
3452
1041
8294
3462
3464
8297
5878
1051
1052
8302
3470
1056
8305
3472
3474
5887
1067
8316
5900
1074
3497
5916
3501
1086
5917
3504
1097
5930
1102
3518
3519
5934
5935
5937
5941
3526
5944
3531
5948
1117
5956
3544
1129
1135
3555
5972
3560
5977
1146
4
22
175
1
115
