500
765
768
1770
776
1778
1779
778
782
783
1785
1787
1788
1790
791
800
1803
804
811
1818
1819
818
823
1824
1828
829
834
840
841
1843
843
1850
1856
1859
859
1863
1865
866
1867
868
871
873
1874
875
880
884
1892
896
905
912
921
922
1923
1925
1928
930
932
934
1935
1939
940
1941
945
949
1950
1952
952
1955
956
1959
960
966
1971
1973
988
992
1996
999
1002
1003
2004
1006
1007
14
1016
17
18
19
2018
1021
2026
2031
1032
1033
35
38
2038
44
1045
1046
45
2045
2050
1050
1052
50
55
60
61
62
1063
1064
63
2066
65
69
1071
71
75
1077
1079
1080
2083
2086
88
2092
2093
94
95
1097
99
103
107
110
2113
2114
114
2116
1118
124
2126
2130
2131
133
1135
1136
1142
143
2146
2151
2152
1152
1155
157
158
159
162
2165
1165
167
2168
2169
1169
1170
2172
1171
1173
1174
2176
172
2178
175
1182
1184
2185
1188
1189
2190
191
1192
2195
2198
1198
2200
198
1204
2207
212
2213
2215
1215
218
1220
2223
2224
224
1226
225
227
1231
2233
1234
1235
2237
2238
2239
1237
237
239
1243
243
2246
2247
2248
1246
1247
1248
1251
1253
2259
1260
2265
2266
1266
265
274
275
1276
1278
281
2283
283
2292
293
2297
1297
1298
298
299
2302
2304
1304
1305
1306
305
307
309
1311
313
1314
316
318
2319
1322
2323
2328
2329
1329
334
335
337
338
341
342
2343
1343
344
1346
2349
353
2354
359
2363
364
1365
368
2369
2370
1371
1372
2373
1374
372
373
374
375
377
380
2383
1385
389
2390
2391
2392
1392
396
398
400
2401
401
1403
403
405
406
1407
1409
409
1411
1412
2413
2416
1416
2418
1418
1420
421
1422
2423
2424
2425
424
425
2429
2433
2434
1434
2436
2437
1436
433
435
436
2444
445
2446
2447
1446
2449
2453
1453
454
2456
2457
1457
455
2460
456
458
461
462
2465
465
1471
2472
1472
2474
476
1478
1480
484
2486
487
2488
2489
1501
503
1506
510
1514
2515
1515
2517
516
2520
520
523
2524
2525
525
1527
1529
529
1532
2533
535
536
1537
2538
1543
1544
1546
1547
2549
1549
558
2559
1560
1561
1562
2563
1563
559
1566
2569
2570
2571
2572
2573
1574
2576
576
2578
1579
2580
1581
2582
2583
2586
2588
1588
1590
2593
1593
1594
595
1599
2601
2603
2604
1605
606
1609
2610
2611
1611
610
612
614
1617
1619
2621
1621
2626
2632
2634
637
2639
640
1641
2642
646
653
2654
1655
1656
2658
1660
663
2664
664
665
1667
1668
2669
2673
1674
1676
677
685
686
1687
1688
689
1690
696
1699
1700
1702
705
706
1708
708
1710
710
1712
711
1714
713
725
732
1733
733
1735
1736
1738
738
739
748
1751
1752
760
5
78
40
21
13
37
