5038
1981
1983
1984
12060
1987
1990
12066
12068
1993
1994
12070
1996
1997
12072
12074
2000
2003
12079
2007
12083
12084
12085
2011
2012
2013
12088
2015
2016
12090
2018
12094
2020
2021
12095
2024
2025
2026
2027
12100
2029
2030
2031
12101
2033
2034
2035
2036
2037
12102
12104
12108
12112
12113
12114
12115
2045
12116
2047
2048
2049
12124
2051
12126
12127
2054
12128
2056
12130
12131
2059
2060
12135
2062
2063
12136
12138
12142
2069
2070
12147
2073
12150
12151
2077
12153
2079
12154
2082
2084
12160
12161
2087
12166
2092
12169
2094
2095
12170
2097
2100
12176
12177
2103
12178
2106
12183
2109
2110
2111
2112
2113
12186
12190
12191
2117
2118
12192
12193
12194
12197
12200
12203
2129
2131
12208
2133
12209
12213
12214
12217
2142
2143
2144
12218
2146
12219
12220
2149
2150
2151
12221
12224
12226
12227
2156
12229
2158
12233
2160
12236
2162
2163
2164
12239
12241
2169
2170
2171
12246
2173
12249
12250
12251
2177
2178
12255
12256
2181
12257
2185
12261
2187
12262
12265
2191
2192
2193
2194
12269
2196
2197
12275
2201
12278
2203
2204
2205
2206
12279
12281
2209
2210
12285
12289
12291
2220
2224
12303
12305
2230
12306
12307
2233
12309
2238
12315
2241
12319
12322
2247
12323
2249
12325
12326
2252
12328
12330
12331
2257
12333
2259
12335
2261
12338
12340
12343
12344
12346
2271
2272
12348
2275
2276
12351
2279
2280
12355
2283
2285
12362
12365
12366
2292
2293
12368
2295
2296
2297
12369
2299
12371
12374
2302
12376
2304
12377
2306
2307
12378
2309
12379
12386
2314
2315
12392
2317
2319
2320
2321
12396
12397
2324
2328
2329
2330
2331
2333
2334
2335
2336
2337
2342
2343
2344
2352
2353
2356
2359
2360
2361
2362
2363
2365
2366
2369
2371
2373
2375
2379
2381
2385
2386
2388
2390
2392
2393
2394
2401
2402
2406
2407
2408
2410
2412
2413
2415
2417
2422
2425
2427
2428
2435
2439
2440
2441
2442
2444
2445
2446
2447
2452
2453
2455
2456
2459
2460
2461
2463
2465
2466
2468
2469
2471
2475
2481
2482
2484
2487
2489
2490
2495
2496
2497
2499
2501
2502
2503
2509
2513
2514
2515
2517
2518
2520
2521
2522
2523
2529
2530
2531
2532
2534
2535
2538
2539
2543
2544
2546
2548
2549
2551
2552
2553
2554
2555
2556
2559
2560
2562
2563
2570
2575
2577
2578
2579
2580
2588
2590
2592
2599
2603
2608
2609
2610
2613
2619
2627
2630
2631
2636
2637
2639
2640
2642
2643
2646
2652
2660
2662
2663
2665
2670
2672
2673
2674
2676
2677
2678
2687
2690
2696
2701
2706
2708
2709
2710
2712
2715
2718
2721
2722
2729
2730
2731
2732
2733
2735
2737
2738
2740
2745
2756
2758
2759
2760
2761
2762
2768
2772
2773
2781
2784
2787
2789
2792
2794
2796
2797
2798
2799
2801
2811
2812
2816
2817
2818
2820
2821
2826
2827
2828
2830
2831
2832
2834
2835
2840
2841
2844
2845
2846
2848
2849
2851
2858
2863
2867
2874
2875
2878
2880
2882
2884
2885
2886
2888
2889
2892
2894
2895
2896
2899
2900
2902
2903
2908
2911
2918
2924
2925
2930
2931
2935
2936
2938
2942
2943
2947
2948
2951
2955
2956
2964
2967
2980
2981
2984
2985
2986
2987
2988
2990
2991
2993
2994
2997
2998
2999
3007
3008
3014
3021
3023
3025
3027
3030
3033
3037
3038
3039
3041
3042
3043
3045
3046
3052
3054
3056
3060
3061
3062
3067
3069
3071
3073
3074
3076
3077
3080
3084
3096
3097
3098
3100
3103
3104
3106
3107
3108
3111
3113
3114
3115
3119
3120
3122
3125
3126
3131
3132
3134
3136
3139
3140
3143
3144
3146
3150
3152
3153
3154
3155
3159
3160
3162
3165
3166
3168
3169
3170
3171
3172
3182
3184
3186
3193
3197
3200
3203
3208
3211
3212
3220
3221
3225
3228
3229
3231
3237
3239
3241
3242
3246
3249
3251
3252
3254
3257
3261
3262
3263
3264
3265
3269
3273
3274
3275
3283
3285
3287
3288
3290
3291
3295
3297
3298
3299
3301
3302
3304
3305
3307
3309
3310
3311
3315
3316
3317
3319
3320
3321
3322
3323
3326
3327
3329
3331
3332
3333
3334
3335
3349
3351
3352
3353
3354
3355
3362
3367
3369
3370
3372
3373
3377
3383
3385
3387
3388
3392
3395
3396
3400
3402
3403
3404
3406
3408
3411
3412
3417
3422
3426
3429
3430
3432
3433
3434
3435
3437
3438
3441
3442
3443
3444
3449
3451
3454
3456
3459
3461
3464
3465
3466
3467
3468
3470
3471
3473
3478
3480
3481
3482
3483
3485
3486
3487
3489
3491
3496
3498
3502
3508
3509
3510
3512
3514
3515
3518
3519
3525
3526
3527
3528
3530
3531
3534
3537
3538
3539
3540
3542
3545
3546
3548
3552
3555
3556
3557
3559
3563
3566
3568
3570
3573
3574
3576
3578
3580
3584
3586
3589
3590
3592
3593
3597
3598
3599
3601
3606
3608
3611
3612
3615
3617
3620
3621
3625
3626
3627
3630
3631
3634
3638
3639
3640
3641
3642
3643
3647
3648
3649
3650
3652
3653
3655
3660
3662
3667
3668
3675
3676
3680
3682
3685
3686
3698
3700
3701
3707
3708
3709
3712
3713
3714
3715
3716
3720
3722
3724
3730
3731
3733
3734
3735
3737
3739
3746
3750
3751
3752
3753
3754
3755
3756
3757
3759
3762
3763
3765
3766
3768
3769
3770
3773
3774
3776
3777
3779
3781
3786
3787
3788
3790
3791
3792
3793
3794
3803
3804
3806
3809
3810
3813
3814
3817
3819
3821
3823
3826
3828
3829
3833
3834
3836
3840
3842
3845
3846
3854
3855
3860
3861
3866
3872
3876
3877
3878
3879
3881
3882
3883
3884
3885
3887
3891
3901
3906
3907
3914
3916
3919
3920
3921
3922
3923
3926
3929
3931
3932
3934
3939
3941
3942
3943
3944
3945
3946
3948
3949
3950
3951
3954
3957
3958
3959
3960
3962
3963
3968
3969
3972
3975
3989
3991
3992
3996
4006
4008
4010
4014
4015
4016
4017
4018
4025
4029
4032
4034
4035
4037
4038
4040
4041
4042
4043
4050
4053
4059
4062
4064
4065
4067
4069
4070
4073
4077
4078
4079
4080
4081
4084
4096
4097
4099
4100
4106
4107
4108
4111
4114
4115
4117
4118
4121
4126
4129
4130
4131
4132
4133
4134
4139
4143
4144
4147
4150
4155
4157
4158
4160
4162
4163
4164
4166
4173
4174
4175
4176
4178
4180
4184
4186
4188
4189
4190
4191
4195
4196
4203
4204
4205
4206
4211
4212
4216
4217
4218
4220
4229
4231
4232
4235
4237
4238
4240
4241
4242
4243
4244
4245
4246
4247
4249
4250
4253
4254
4265
4269
4270
4271
4276
4283
4286
4288
4289
4296
4297
4302
4303
4305
4306
4308
4309
4314
4317
4320
4322
4323
4325
4328
4329
4330
4331
4332
4334
4341
4343
4353
4354
4355
4357
4358
4359
4364
4365
4366
4369
4370
4375
4379
4384
4386
4387
4393
4396
4401
4403
4404
4405
4406
4409
4410
4411
4413
4415
4416
4417
4418
4419
4425
4427
4428
4429
4431
4432
4433
4439
4441
4445
4452
4457
4458
4459
4463
4464
4465
4469
4477
4479
4481
4482
4483
4484
4485
4490
4491
4492
4494
4502
4508
4509
4513
4515
4517
4518
4522
4523
4525
4528
4530
4534
4536
4539
4541
4543
4544
4545
4546
4552
4556
4557
4566
4570
4571
4572
4575
4578
4581
4586
4587
4592
4594
4597
4598
4600
4602
4605
4609
4616
4619
4622
4625
4633
4634
4636
4639
4640
4643
4644
4645
4649
4651
4652
4654
4657
4658
4661
4665
4668
4672
4673
4675
4678
4679
4681
4682
4685
4687
4690
4694
4698
4699
4702
4703
4713
4715
4716
4718
4719
4720
4722
4723
4724
4727
4729
4730
4731
4732
4735
4739
4740
4745
4746
4750
4751
4752
4753
4754
4756
4757
4758
4760
4767
4768
4770
4771
4772
4775
4777
4780
4782
4784
4788
4791
4792
4793
4794
4795
4797
4798
4799
4803
4804
4806
4807
4808
4810
4811
4812
4818
4819
4820
4821
4824
4827
4834
4837
4844
4845
4847
4849
4857
4858
4861
4862
4864
4866
4867
4868
4869
4870
4873
4876
4879
4881
4883
4887
4888
4889
4890
4891
4893
4894
4900
4901
4902
4904
4906
4909
4913
4915
4917
4927
4929
4931
4934
4936
4937
4939
4942
4948
4949
4954
4957
4958
4962
4965
4967
4968
4973
4977
4978
4985
4986
4988
4991
4992
4993
4994
4995
5000
5002
5003
5005
5006
5009
5010
5011
5012
5014
5018
5024
5025
5026
5027
5028
5031
5033
5037
5039
5042
5043
5044
5046
5049
5050
5051
5053
5054
5056
5058
5060
5063
5064
5065
5067
5069
5072
5075
5078
5080
5081
5083
5084
5087
5089
5094
5099
5103
5104
5106
5108
5112
5113
5114
5118
5119
5122
5123
5124
5128
5131
5134
5138
5139
5141
5144
5145
5147
5151
5152
5159
5160
5161
5162
5164
5166
5168
5172
5173
5176
5178
5179
5180
5181
5183
5185
5188
5189
5196
5200
5201
5202
5203
5204
5213
5218
5221
5224
5225
5229
5230
5231
5237
5240
5245
5247
5248
5249
5255
5257
5259
5260
5261
5263
5264
5265
5266
5267
5269
5270
5274
5275
5282
5283
5284
5285
5287
5291
5295
5296
5297
5298
5301
5302
5305
5306
5307
5309
5310
5311
5313
5314
5317
5321
5322
5324
5326
5328
5330
5331
5332
5334
5335
5336
5337
5338
5340
5346
5348
5350
5354
5355
5357
5358
5360
5362
5364
5365
5368
5375
5376
5379
5380
5381
5384
5389
5390
5391
5394
5400
5402
5404
5406
5408
5410
5411
5413
5414
5416
5417
5418
5419
5421
5423
5425
5428
5431
5433
5434
5438
5439
5440
5441
5444
5447
5449
5451
5452
5453
5457
5458
5459
5462
5465
5468
5471
5472
5474
5477
5478
5479
5480
5483
5488
5490
5491
5492
5499
5501
5502
5503
5504
5508
5509
5512
5513
5514
5516
5522
5526
5527
5529
5531
5534
5537
5538
5541
5542
5543
5551
5554
5555
5560
5568
5569
5570
5572
5573
5574
5576
5577
5578
5583
5584
5586
5588
5595
5596
5597
5599
5600
5603
5604
5607
5608
5609
5616
5618
5622
5623
5624
5625
5626
5628
5632
5634
5636
5637
5638
5639
5646
5651
5655
5656
5657
5660
5664
5666
5668
5671
5678
5679
5680
5684
5685
5691
5698
5699
5703
5708
5709
5712
5724
5728
5729
5730
5733
5734
5735
5738
5745
5748
5754
5757
5759
5763
5767
5770
5771
5773
5784
5786
5788
5790
5792
5795
5799
5800
5802
5807
5808
5813
5815
5822
5837
5838
5840
5843
5845
5847
5850
5852
5858
5859
5860
5862
5863
5869
5871
5873
5874
5875
5876
5879
5880
5883
5885
5887
5888
5889
5890
5891
5892
5893
5896
5897
5898
5901
5907
5908
5909
5910
5912
5915
5916
5917
5920
5921
5922
5923
5924
5925
5926
5929
5931
5935
5937
5938
5939
5941
5942
5944
5951
5952
5953
5957
5961
5963
5964
5966
5969
5970
5977
5978
5982
5983
5984
5985
5987
5988
6000
6002
6007
6009
6013
6019
6021
6022
6023
6025
6026
6027
6031
6032
6035
6036
6038
6041
6043
6045
6047
6049
6050
6051
6055
6064
6067
6068
6073
6080
6082
6086
6088
6092
6094
6096
6097
6099
6100
6102
6105
6106
6107
6108
6109
6113
6116
6117
6119
6121
6124
6125
6126
6127
6136
6137
6141
6146
6147
6149
6150
6151
6153
6154
6159
6160
6162
6163
6164
6166
6167
6172
6176
6177
6179
6180
6181
6185
6186
6187
6192
6194
6200
6201
6203
6208
6212
6213
6217
6218
6219
6220
6224
6231
6235
6236
6237
6238
6239
6240
6241
6242
6245
6246
6247
6248
6249
6250
6252
6254
6257
6258
6259
6261
6262
6264
6265
6268
6270
6272
6273
6277
6280
6281
6283
6285
6286
6290
6293
6300
6301
6303
6307
6311
6315
6317
6320
6326
6335
6337
6341
6343
6344
6349
6350
6351
6354
6358
6359
6360
6363
6364
6367
6368
6370
6372
6374
6375
6376
6377
6379
6380
6381
6382
6383
6384
6391
6392
6393
6398
6399
6403
6405
6410
6412
6413
6415
6416
6420
6421
6424
6426
6427
6431
6432
6435
6438
6444
6445
6453
6455
6457
6465
6467
6469
6470
6472
6479
6482
6483
6486
6488
6489
6490
6491
6492
6493
6497
6503
6506
6510
6513
6515
6516
6518
6525
6528
6529
6532
6534
6536
6537
6538
6545
6547
6550
6558
6561
6566
6569
6571
6572
6577
6578
6580
6581
6583
6585
6586
6587
6589
6592
6593
6594
6596
6597
6602
6610
6612
6613
6619
6620
6623
6624
6625
6626
6627
6628
6630
6631
6632
6634
6635
6642
6645
6646
6652
6655
6659
6663
6667
6669
6670
6672
6674
6675
6676
6679
6682
6683
6686
6688
6689
6691
6692
6695
6703
6704
6706
6707
6709
6710
6717
6722
6723
6731
6733
6736
6739
6740
6744
6745
6746
6749
6750
6751
6753
6754
6757
6760
6761
6762
6763
6765
6766
6769
6770
6772
6773
6774
6775
6779
6783
6787
6791
6793
6794
6795
6798
6799
6802
6805
6808
6811
6813
6814
6815
6816
6817
6819
6821
6824
6831
6833
6834
6837
6839
6843
6847
6852
6855
6857
6860
6864
6866
6867
6875
6879
6881
6884
6887
6888
6889
6890
6891
6894
6898
6900
6901
6902
6908
6912
6915
6917
6918
6921
6923
6925
6926
6928
6929
6932
6934
6936
6937
6939
6940
6941
6944
6945
6948
6950
6951
6952
6957
6959
6962
6968
6979
6981
6984
6986
6987
6989
6991
6992
6993
6994
6995
6996
6997
7000
7002
7004
7007
7009
7012
7015
7019
7021
7022
7024
7025
7032
7033
7034
7037
7038
7043
7044
7045
7048
7050
7053
7054
7058
7060
7061
7063
7067
7069
7073
7074
7077
7080
7083
7084
7085
7087
7088
7090
7091
7094
7095
7096
7098
7103
7106
7107
7110
7116
7117
7118
7126
7133
7140
7141
7144
7146
7147
7155
7156
7159
7165
7166
7168
7171
7172
7174
7177
7182
7183
7184
7185
7186
7188
7190
7193
7194
7195
7196
7199
7200
7201
7206
7207
7209
7211
7216
7219
7220
7221
7222
7224
7225
7228
7230
7232
7234
7238
7241
7244
7245
7246
7247
7251
7256
7257
7259
7261
7262
7264
7265
7269
7270
7275
7276
7278
7279
7281
7282
7284
7286
7287
7289
7290
7292
7293
7294
7300
7302
7305
7306
7309
7310
7314
7318
7320
7321
7327
7330
7332
7336
7337
7338
7342
7343
7345
7346
7347
7349
7350
7352
7356
7357
7359
7362
7364
7365
7371
7372
7373
7374
7379
7383
7386
7387
7391
7395
7397
7398
7399
7405
7407
7408
7409
7412
7413
7415
7417
7419
7421
7422
7428
7429
7430
7431
7434
7439
7444
7445
7447
7449
7452
7455
7457
7459
7466
7467
7470
7472
7475
7477
7480
7481
7482
7484
7486
7488
7489
7496
7497
7498
7502
7503
7504
7506
7509
7512
7516
7518
7520
7522
7525
7526
7527
7528
7529
7531
7536
7545
7546
7547
7550
7552
7553
7554
7556
7557
7559
7560
7561
7562
7564
7565
7567
7570
7572
7574
7575
7580
7583
7584
7588
7592
7594
7595
7607
7609
7610
7613
7614
7615
7616
7617
7619
7621
7624
7625
7626
7631
7632
7633
7634
7638
7639
7640
7641
7642
7644
7652
7653
7654
7655
7657
7660
7662
7667
7668
7671
7673
7675
7680
7681
7683
7685
7688
7689
7690
7691
7693
7694
7696
7699
7702
7703
7704
7707
7709
7714
7716
7719
7720
7721
7722
7728
7732
7733
7738
7742
7743
7746
7747
7752
7755
7756
7759
7763
7773
7776
7778
7780
7786
7789
7791
7793
7794
7795
7797
7798
7799
7804
7812
7813
7819
7824
7830
7832
7833
7839
7840
7842
7848
7849
7851
7854
7860
7865
7868
7872
7875
7876
7877
7880
7881
7885
7887
7889
7893
7896
7897
7903
7911
7913
7916
7918
7919
7920
7922
7923
7924
7925
7926
7928
7931
7932
7933
7935
7939
7946
7948
7953
7959
7960
7961
7963
7970
7973
7974
7980
7984
7987
7990
7993
7994
8000
8005
8006
8010
8012
8013
8017
8018
8019
8020
8025
8026
8030
8032
8034
8039
8041
8045
8046
8047
8052
8053
8055
8060
8061
8065
8067
8068
8069
8070
8071
8072
8073
8075
8080
8081
8085
8087
8090
8094
8095
8098
8102
8104
8110
8111
8112
8114
8115
8116
8125
8126
8127
8128
8130
8131
8132
8133
8136
8140
8142
8143
8147
8151
8153
8154
8155
8157
8163
8167
8168
8169
8170
8171
8175
8178
8179
8182
8183
8189
8190
8191
8192
8193
8194
8195
8198
8204
8206
8207
8210
8213
8214
8216
8217
8220
8221
8222
8226
8227
8229
8233
8238
8241
8242
8245
8250
8254
8256
8257
8269
8271
8275
8277
8278
8280
8281
8283
8284
8287
8289
8291
8292
8295
8296
8298
8300
8301
8302
8304
8310
8311
8313
8314
8315
8316
8317
8320
8322
8323
8324
8331
8332
8333
8335
8338
8340
8341
8347
8350
8351
8356
8358
8359
8360
8362
8363
8367
8369
8373
8377
8379
8385
8387
8388
8390
8391
8392
8395
8398
8401
8406
8408
8411
8420
8422
8423
8432
8436
8437
8439
8440
8443
8444
8445
8446
8448
8449
8450
8451
8452
8453
8454
8458
8459
8460
8461
8466
8467
8469
8471
8472
8473
8474
8478
8482
8483
8485
8487
8489
8492
8493
8502
8507
8508
8511
8514
8516
8518
8521
8522
8524
8527
8528
8532
8533
8541
8547
8550
8557
8558
8560
8564
8566
8567
8568
8575
8577
8578
8580
8581
8582
8584
8585
8586
8588
8590
8591
8592
8593
8595
8598
8599
8601
8604
8611
8613
8617
8618
8627
8629
8630
8633
8634
8636
8638
8640
8646
8652
8656
8659
8662
8663
8664
8668
8669
8670
8673
8674
8675
8679
8687
8692
8695
8697
8700
8702
8707
8709
8711
8714
8715
8716
8717
8719
8722
8723
8725
8727
8730
8731
8734
8735
8737
8738
8739
8741
8744
8745
8750
8752
8753
8754
8755
8760
8765
8767
8768
8769
8770
8771
8772
8778
8779
8782
8790
8794
8796
8798
8802
8805
8814
8815
8819
8822
8828
8830
8832
8837
8839
8840
8842
8844
8847
8849
8851
8854
8855
8862
8863
8865
8866
8868
8869
8871
8872
8873
8877
8887
8888
8892
8899
8901
8905
8909
8912
8915
8918
8919
8920
8921
8924
8928
8930
8932
8934
8935
8936
8941
8943
8944
8945
8946
8947
8948
8950
8951
8952
8954
8956
8959
8961
8963
8964
8966
8967
8970
8973
8975
8976
8977
8980
8981
8982
8984
8987
8988
8989
8990
8995
8996
9003
9004
9005
9006
9009
9011
9012
9015
9017
9025
9027
9028
9029
9031
9032
9034
9035
9036
9037
9039
9040
9041
9044
9045
9046
9047
9054
9057
9058
9064
9068
9069
9072
9075
9079
9084
9091
9092
9094
9095
9096
9098
9103
9105
9107
9110
9112
9113
9119
9120
9122
9124
9129
9131
9135
9137
9138
9139
9142
9147
9148
9152
9155
9156
9159
9161
9162
9165
9167
9168
9172
9174
9177
9178
9179
9186
9189
9190
9195
9196
9200
9203
9205
9206
9207
9210
9214
9216
9217
9219
9222
9224
9225
9227
9228
9229
9230
9235
9237
9242
9244
9247
9250
9251
9253
9254
9255
9262
9268
9269
9274
9277
9279
9283
9288
9289
9290
9294
9295
9296
9297
9310
9314
9319
9322
9324
9327
9329
9330
9332
9334
9337
9340
9342
9343
9345
9346
9348
9350
9352
9356
9357
9361
9362
9364
9365
9366
9367
9369
9370
9373
9378
9379
9381
9383
9386
9388
9390
9391
9392
9395
9397
9398
9399
9400
9404
9406
9409
9410
9412
9417
9418
9421
9424
9425
9427
9428
9433
9436
9445
9449
9453
9454
9455
9460
9464
9465
9466
9470
9478
9479
9480
9484
9489
9490
9492
9493
9495
9497
9499
9502
9505
9508
9509
9514
9516
9519
9520
9521
9523
9526
9528
9533
9535
9536
9539
9542
9545
9548
9550
9552
9555
9556
9557
9559
9561
9563
9564
9565
9569
9573
9580
9582
9583
9587
9593
9601
9605
9608
9610
9611
9616
9617
9618
9619
9620
9623
9625
9627
9628
9630
9631
9634
9636
9639
9640
9641
9646
9649
9651
9653
9661
9662
9664
9665
9672
9674
9676
9679
9680
9681
9683
9684
9686
9688
9691
9693
9696
9700
9701
9708
9710
9714
9716
9719
9724
9726
9729
9730
9731
9732
9733
9737
9740
9749
9750
9752
9753
9755
9758
9760
9762
9768
9776
9777
9779
9780
9783
9786
9789
9792
9793
9795
9796
9800
9802
9804
9805
9807
9808
9809
9811
9817
9818
9821
9823
9828
9829
9831
9835
9836
9837
9838
9842
9843
9849
9852
9854
9858
9859
9860
9865
9868
9870
9873
9875
9877
9878
9880
9881
9883
9885
9887
9890
9894
9899
9903
9904
9906
9909
9910
9912
9913
9915
9917
9919
9920
9921
9922
9927
9928
9929
9930
9931
9932
9935
9938
9942
9943
9945
9951
9952
9953
9954
9955
9957
9958
9959
9962
9963
9964
9966
9968
9969
9973
9974
9990
9993
9996
9997
10008
10009
10010
10012
10014
10016
10018
10021
10023
10026
10028
10029
10034
10038
10039
10046
10047
10049
10050
10053
10057
10059
10062
10064
10070
10074
10076
1
2
10081
7
10083
9
10086
11
13
15
16
10091
18
10093
10094
10095
22
10099
10100
25
10101
10103
28
29
30
31
10104
10105
34
10106
10108
10115
40
41
10116
43
10118
10119
10121
47
48
49
10124
10126
52
53
10129
10130
56
10131
58
10135
61
10137
10140
66
10142
68
71
72
75
76
77
78
10152
10155
81
10156
10157
10159
10160
10162
87
88
10163
10165
92
93
95
10171
97
10172
10173
10175
10176
102
10178
10179
10181
106
10183
10184
10185
110
10189
116
117
119
123
124
125
126
127
10200
129
10202
131
10204
10208
135
136
137
10213
139
10214
142
143
10220
10222
149
10225
152
10228
154
10229
10231
157
159
10237
10238
163
10239
168
10245
10246
171
10247
173
174
10248
10249
177
10250
10252
180
181
10255
10256
184
185
10257
10258
10261
10263
192
10268
194
10269
196
197
10272
199
10277
10278
10280
205
206
10281
10283
10284
210
10285
10286
217
10293
10295
10297
10298
10299
225
10301
10302
228
229
10303
10304
232
10307
10310
10311
239
10316
241
242
243
10320
245
10322
248
249
10325
251
252
10328
10329
10330
257
10337
10338
10340
266
267
10342
10343
10344
10345
273
274
10349
10354
281
10357
10359
284
10361
10363
290
10366
10368
10369
294
10372
298
10375
10377
302
10379
10380
307
10383
10384
310
10385
10386
10389
319
320
321
322
323
324
325
10399
10400
10405
330
331
10406
333
334
335
336
337
10410
339
10411
10415
10418
351
352
353
354
10427
10429
10431
10433
10434
10435
364
365
366
367
10441
10445
370
10447
10448
373
10449
10450
10451
377
378
379
10455
381
10457
383
10458
385
10461
387
388
390
392
393
10469
10471
397
398
10475
401
10478
10480
405
407
408
10485
410
10487
10488
10489
415
417
10493
10496
422
423
424
10500
426
10501
428
429
430
431
10502
10503
434
435
10505
10507
10508
439
10509
441
10511
10512
10517
10519
10520
447
10522
10523
450
10524
452
10525
10530
455
10532
10533
10534
459
10535
10538
463
464
465
466
467
10539
469
10543
10544
10546
473
474
10547
476
477
478
479
480
481
10549
10550
10551
10553
486
10554
488
489
10555
491
492
10557
494
10558
10562
497
10565
10567
10568
10569
10572
10574
10575
10578
10581
10583
509
510
10585
512
10588
10590
10592
518
10594
520
10597
523
524
525
10602
10603
10606
531
532
533
534
535
10608
537
10612
540
10616
542
10621
10622
10626
10629
10630
10631
556
557
10637
562
563
10640
565
566
10641
568
10642
570
571
10646
573
10647
10648
576
10650
578
579
580
581
10653
10654
10656
10657
586
10658
10659
589
10661
10663
592
10664
10665
10667
10670
597
598
10673
10674
601
602
10677
604
10681
607
10683
609
610
611
10686
616
10692
618
619
620
621
10696
10697
624
10701
630
10707
10708
633
634
10711
636
10713
638
641
10717
10719
645
646
10721
10722
649
650
651
10725
10726
654
655
656
10727
658
10729
660
661
10730
663
664
10733
666
10734
10735
10736
670
671
672
10737
674
10739
676
677
678
679
680
681
10740
10743
10745
10747
686
687
10751
689
10752
10754
692
10755
694
10761
696
697
698
10769
10772
10775
10779
704
10782
708
10784
710
10787
10788
713
10789
10790
10792
717
10793
10794
722
10798
725
726
10802
10803
730
10808
733
734
10809
737
10813
739
740
10817
10819
10820
10822
747
10823
10824
750
10826
752
10829
755
10832
757
758
10836
10837
762
10840
10841
766
10844
10845
770
771
772
10848
774
10850
10851
777
778
780
10856
782
784
785
786
787
788
10864
10865
791
10867
793
10868
796
10872
798
10873
800
10874
10877
803
804
10878
806
10880
10882
10883
10885
10887
812
813
10892
818
10895
10897
10898
10901
10902
10903
829
10906
831
832
10909
835
838
839
840
841
842
10916
844
846
10923
848
849
10926
10927
854
10931
857
10934
859
860
10936
10937
10939
866
867
10944
10945
872
10948
10949
10952
10953
878
879
880
881
10954
10955
884
10956
886
10957
888
889
10963
10966
10967
893
894
10968
10969
897
10970
10971
900
10972
902
903
904
905
906
907
908
10977
10978
10980
912
913
10981
915
916
10983
10986
10987
10988
921
10989
10996
10997
11000
926
928
929
11004
931
11006
11009
934
935
11012
938
939
940
941
11018
11019
944
945
11021
11023
11024
11026
951
952
11027
954
955
956
957
11034
11035
11036
961
962
963
964
965
966
11037
968
969
11038
11041
972
973
11042
11044
11045
977
978
11046
980
11049
11051
983
984
985
11052
11054
988
989
990
11059
11060
11062
11064
11065
11067
11068
11070
11071
11072
11073
1002
1003
11074
1005
1006
1007
11076
11078
11079
1011
11083
11090
11091
1016
1017
1018
11092
1020
1021
1022
11094
11097
11098
11099
1028
11104
11105
1031
11106
11108
11109
1037
1039
11115
1041
11117
1043
1044
1045
11124
1049
1051
1055
11132
1058
1059
11134
11136
1062
1064
1065
11140
11143
11145
11146
1072
1073
1074
11151
1076
1077
11154
11155
1080
1081
11158
1083
11159
1087
1088
11164
11166
1091
1092
1094
1095
1096
11172
1098
1099
1100
1101
11176
1103
11177
11178
11179
11180
1108
1109
1110
11185
1113
1115
11192
11193
1118
1119
11195
1121
1124
1126
11202
11203
1129
11204
11205
11207
11210
1135
11211
1137
1138
1139
11213
11214
11215
11217
11219
11220
11223
1148
11226
1152
1153
11229
1155
1158
1160
11236
11238
1166
1167
11244
1169
1170
1171
1172
1173
11245
1175
1176
11247
1178
1179
11248
11249
11253
11255
1184
11256
1186
11259
11263
11264
11265
11266
11269
1198
11274
1200
1201
1202
11275
1204
11276
11277
1207
11279
1209
11280
11282
11283
1213
1214
11284
1216
1217
11287
11288
11293
1221
1222
11302
1227
11304
11305
11306
11307
1232
1234
1236
11314
1239
1240
11315
1243
1244
11323
1248
1249
1251
1253
11331
11332
1257
1258
11334
11336
11340
11343
1268
1269
11344
11349
11350
1275
11351
1277
1280
1284
1286
11362
11363
1289
11364
1291
11368
11370
11371
1296
11372
1299
1300
1302
11381
11382
1307
11383
11386
1311
11389
11390
1315
11391
11392
11396
1321
11397
11399
1324
11400
1326
1328
1330
11407
1332
1334
1335
11412
11413
1338
1339
11414
1341
11416
11419
1345
11422
1348
1349
1351
1353
11429
11430
11432
1357
11434
1359
11437
11438
1363
11440
11441
11442
11443
1375
1376
1378
1380
1384
1386
1387
11463
11465
1390
11467
1392
11468
1394
11469
11474
11476
11478
1405
11482
1407
1408
11485
1410
1411
11486
11487
1414
11488
11493
11494
11495
1421
11498
1424
1425
11500
1427
11501
11506
11507
1432
1433
11509
1435
11510
1437
11512
11515
1440
11516
11517
1443
11520
1445
11523
1448
11524
1450
11527
11528
1453
11529
11530
1456
1457
11533
11538
1463
1465
1466
11542
1468
11545
1470
11546
1473
1474
1475
11552
1477
1478
11553
11554
11555
1483
11559
1485
11561
11563
11564
11567
1492
11569
11570
1495
11571
1497
1498
1499
11573
11576
1502
11577
11580
11582
1508
11585
1510
11586
11587
1513
11590
1515
11591
11592
11593
1520
11597
11598
1524
11600
11603
1530
1531
11607
11609
1536
11613
1539
11616
1542
1544
11621
11623
11629
1554
1555
11632
1557
1559
11635
11640
1571
1573
11653
1579
11655
11656
11657
11658
1584
1589
11665
1592
11668
1594
1595
1596
1597
11671
11672
1604
1605
1606
1607
11680
1609
1612
11688
1614
11690
1616
1617
1618
11691
1620
1621
11692
1623
11693
1625
1626
11700
11706
11707
1632
1633
11709
1635
11710
11711
1638
1639
11712
1641
11714
11715
11716
11720
11721
11722
1648
1649
11723
11724
11729
1654
11730
11731
11733
1658
1659
11734
1661
11735
1663
11738
11739
11740
11742
11744
11745
1670
11746
1672
11747
11748
11749
1678
11755
1680
1681
11759
11760
1685
11761
1688
1689
11764
11765
11768
11770
11771
1696
11773
1698
11775
11776
1701
1702
1703
11777
1705
1706
11778
11780
11781
1710
11783
11786
11787
1714
1715
1716
11788
11789
11791
1720
11792
1722
11794
1724
1725
1726
1727
11798
11801
1730
11802
1732
1733
1734
1735
11809
11811
11814
11816
1741
1742
1743
11819
11821
1747
1749
11825
1752
1755
1756
11835
1760
11836
11837
11841
11843
11847
11848
1774
1775
1776
11850
11852
11853
11854
11855
11857
11859
11860
11861
1786
1787
1789
1791
11871
1796
1797
11872
11875
1800
1801
1802
11877
11880
11881
11882
11884
1810
1811
11886
11887
11890
1815
11891
1817
1818
11894
1820
11901
1826
1827
1828
11902
11904
1831
1832
1833
11907
11910
11918
1843
1844
1845
11923
11926
11929
11931
1856
11933
11935
1862
1864
1865
1866
1867
11942
11945
11946
11948
1873
11949
1875
1876
1877
1878
11952
11954
11955
11956
1883
11960
1885
1886
1887
1888
1889
11966
1895
1896
11971
1898
1899
1900
1901
1902
11973
11974
1905
1906
11975
11979
11980
11986
1913
1915
1916
11992
11994
1919
1923
1924
11999
1926
12000
1929
1931
1932
1933
12010
1935
12011
12015
1940
12016
12022
1947
1948
1950
12027
1952
12030
1956
1957
1958
12032
12033
12037
1963
1964
1965
1966
1967
1968
12039
12040
12044
12046
12047
1974
1976
1978
1979
48
121
313
314
316
222
34
35
230
327
140
338
340
149
342
53
344
350
351
254
255
67
68
69
264
168
360
361
76
364
270
173
366
367
87
189
384
1
2
3
98
101
390
199
103
106
11
14
398
