1798
4139
542
7732
540
7728
4132
4131
533
4129
7722
7720
11314
4122
7716
4118
4117
11307
518
11304
7703
7699
11293
4099
7693
501
11285
497
4084
7685
11282
7681
492
7680
11277
489
11276
11274
4080
4078
480
7668
7662
11259
11256
469
468
464
7655
7653
7652
11244
4042
7642
7639
11236
7638
11234
4040
7634
7633
11229
7632
7631
4029
7625
7621
11223
434
7617
11220
11219
430
429
428
7616
7612
7610
11211
423
422
7609
7607
11207
11205
417
11203
415
4010
410
405
11192
7595
397
7584
3983
388
387
385
383
7574
379
11166
11164
7565
373
11160
7562
370
3963
3962
3960
364
7553
7552
3954
3950
11143
7546
3946
11136
3942
11134
3939
3934
3932
3929
7527
7526
11124
335
334
333
3926
330
3919
321
3914
11104
7502
11099
310
3901
11094
7497
11090
3891
298
7489
7487
11083
294
3885
3884
7482
11078
7480
11076
7477
11071
3878
7467
7466
11062
274
11054
11052
11051
3855
7449
11046
257
11044
7445
7444
251
249
7439
3841
241
7431
3829
11021
232
11018
228
3823
11009
7409
11006
7408
11004
3810
7405
210
10989
3794
7391
3793
3791
196
10983
3790
3787
10978
3776
7374
10970
7373
7371
10967
3773
7365
3768
7363
7362
10957
3763
3756
7357
7356
10952
3755
7352
10949
10948
3753
7350
157
7346
154
7345
149
10934
7336
143
137
136
3731
3730
7320
3722
125
3720
123
3715
3714
119
3713
117
3709
7305
10901
3707
7302
10897
108
3703
106
3701
10892
102
92
7281
89
7279
3679
81
7269
75
10856
3662
3660
7257
7256
61
10844
56
53
10837
49
48
7238
3640
10832
10829
34
7224
7221
10817
10813
3620
7215
3617
7211
7206
15
10802
3608
11
10796
7199
10793
7194
10789
1
7190
7188
10784
10782
3589
7183
7182
3578
7174
3570
3566
7155
3555
10747
10745
10743
3548
7144
10740
10739
7140
10736
3542
10734
10733
3538
3537
10727
10725
7126
10721
3526
7107
3510
10701
7103
3496
3491
10686
7089
7088
10683
3482
10674
3478
7073
10667
7069
3471
3468
10661
3467
3465
10658
7060
10656
3461
10653
3459
3456
7053
10648
7050
10646
7048
7045
7043
10637
3442
3437
7033
3435
10626
3433
3432
3430
7024
3426
7022
7021
3422
10610
10608
7010
10606
3411
7007
10602
3406
3403
6997
3400
6994
6993
6991
6989
6984
6981
10574
10572
10568
10567
6968
6962
10557
3362
10555
10554
10553
6955
10550
10549
10547
6948
3351
6945
10538
6941
6940
6939
10532
6932
3335
10524
3329
3326
6923
6921
10517
3323
6918
6917
3320
6915
10510
3315
10507
3311
3310
3307
6902
3304
6898
3297
6894
10489
3295
10487
6890
6887
3288
6884
3287
3275
3274
6864
10458
3262
3261
6857
3257
10450
10449
10448
6849
3249
10441
3242
3241
6837
10434
10433
3240
3237
6833
6831
10427
3231
3228
3225
10418
6821
3220
6816
6815
10411
6814
3212
6805
3208
10399
6798
6795
6793
10385
10384
10379
3186
6773
6772
10368
6770
10366
3171
10361
6763
10359
3166
10357
6760
3162
10349
3155
3154
6750
3153
10343
3144
10335
6736
3139
6733
10328
6731
3131
6722
3125
3122
3120
3119
6715
10311
10310
6708
3111
6704
6703
3106
10293
3097
6692
6689
6688
6683
6679
6676
10272
3077
3076
3071
6659
10255
6655
10250
3056
10247
10245
3052
6646
3046
10231
3037
6631
6630
10225
6627
3030
6624
3023
6619
10213
6612
3007
6602
6597
2999
2997
10189
2993
10185
10184
2987
10178
2984
6580
6578
6577
10172
10171
10162
2967
6558
10152
2955
6550
6547
10142
2948
10140
2947
10137
2942
6538
2938
6534
10130
2936
2935
10126
6528
2930
10119
10118
2925
6517
6515
10109
6510
10106
10105
10103
10101
2908
2902
2900
2899
6493
2895
2894
6489
6488
10083
10081
2888
6483
2886
6479
2874
6469
2867
10059
2863
6457
10046
6445
6444
2845
2844
2841
2834
6432
6431
10026
2831
6427
10023
2828
10021
6424
2826
6421
6420
10012
6415
10010
6405
9996
6398
2801
2798
6393
6392
9986
2792
2789
2787
2784
6379
6377
6376
6372
9968
6370
9966
2773
9958
2764
6360
9955
2759
9952
2758
6354
2756
6351
6350
6349
9945
9942
6344
6343
9936
9935
2742
9930
2737
2733
9922
2729
9919
2722
9915
2721
6317
9912
9910
2715
6311
2709
2708
6300
6293
9887
9881
2687
9875
9873
2678
2676
9865
2670
6264
6262
2665
6257
9852
2656
6249
9843
6245
6242
6241
6239
9835
2637
9823
9818
9817
6218
6212
9808
9807
2609
6203
9795
9792
2599
6194
9789
6192
6185
9777
2577
6164
9760
2562
9753
2560
2559
9749
2552
2551
9740
2543
6137
2538
9730
9729
2536
2535
2532
2531
9724
6127
9720
6121
2522
2518
6107
6106
2509
6102
2502
2501
6097
9691
2497
9684
2486
2484
6080
2482
9674
9672
6073
2469
2468
6067
9662
9661
6064
2463
2461
2459
6055
9646
6049
2452
6047
2447
6043
9639
9636
2442
2441
9628
9623
6026
6025
2427
6022
9618
9616
9611
9610
9608
6009
9605
2410
2407
2406
2401
9593
9587
5988
5987
5985
2381
5977
2375
2369
2367
2365
5970
5969
9564
9563
5966
5964
5963
9559
2363
5961
9556
9555
5957
9552
2359
9550
5952
9542
2349
2344
2342
5938
5935
2336
2335
9528
5931
9526
2333
5924
5923
9519
2324
5921
9516
2320
5915
5912
2315
9505
9499
5901
9497
2304
2299
9490
2296
5891
2292
5885
5883
9478
5880
5879
2279
5874
9470
2276
2275
5869
2272
5862
5860
5859
9454
2259
9449
5852
2252
5847
5845
5843
2241
5837
2238
9428
2233
9421
5822
5821
2220
9412
5815
9410
9406
2206
9399
9398
2203
5800
9395
5795
9391
9390
2196
5792
2194
2192
9385
5788
2191
5786
2177
9366
2173
9364
2171
2169
2163
5759
2162
5757
2160
2158
5754
5748
2143
2142
9337
5740
5738
9334
5735
9330
5733
9327
2133
5729
2131
5727
5724
9319
2113
2111
2103
5699
5698
9297
9296
9295
9294
2100
5695
9290
9289
5691
9287
9277
2084
9268
5671
2072
5668
5666
9262
5660
9255
2060
9250
5651
2047
5638
5636
5634
9228
2034
9225
2029
9218
2018
9210
2016
9206
2012
5608
9203
9200
9195
5595
9190
9189
9186
1993
1990
9183
5586
5584
9178
1981
5576
9171
1976
5570
9165
9164
9162
1966
1965
5560
1963
9152
5551
1950
5543
9139
9137
9131
9129
5531
5529
1931
5526
9122
9119
1924
5519
5514
1916
5509
1906
1901
5504
5502
9098
5501
9096
9095
9094
1900
9092
1889
9079
9075
9072
5474
5471
1873
9064
9058
9057
1862
5458
5457
9046
9045
5447
1845
9041
5444
1844
5441
9037
9036
9035
5438
5434
5433
9030
9029
9028
9025
5428
5423
9017
1818
5416
9012
5414
5413
9009
1816
9004
8996
1801
1796
8987
5390
5389
5386
8982
8981
8980
1786
5381
5380
8976
5376
1775
8967
1774
5365
8956
5358
8954
1760
8952
5355
8948
5350
8945
5346
1749
1743
8935
5337
5336
5335
8930
1735
5327
1730
8921
8918
1723
8915
1722
1720
5314
1715
5310
5309
8905
5307
5305
1706
1705
1703
1702
1701
5296
8892
1698
8887
1689
1681
1678
5274
5267
5265
5259
8854
1659
1658
8849
1654
1646
5239
8832
5231
5229
8819
8815
1620
1618
1617
5213
8805
5203
1606
5201
5200
12386
1597
1596
1594
5189
5188
5185
12379
12378
12377
12376
12374
5181
1584
5179
5178
12369
12368
1579
5172
8768
8767
12362
1573
1570
5162
8755
12348
12346
5152
8745
8744
12338
5145
5144
1547
5141
12333
5138
12331
8734
1539
12327
8730
1536
5131
12322
5128
8724
8722
5123
8715
12309
1520
12307
5112
1515
5108
1508
8700
5099
8695
1502
12289
8692
1497
5089
12278
5081
5080
5079
12269
8673
12265
8669
12262
12257
1474
1473
8664
1470
8662
12256
5064
12250
12246
5054
1457
5051
5049
12240
1450
5046
1448
5044
5043
1445
1443
12224
5033
8630
8629
1435
8627
12221
1432
5028
5027
12218
12213
1425
8613
12200
12197
1414
1411
5010
1410
1407
1405
5005
8601
5002
8599
8598
8597
12192
8595
4998
8591
8590
12178
1394
8586
8585
4988
12176
1390
8581
12170
1387
8578
8577
1384
8575
4978
1375
8567
8564
4965
8560
12154
4962
12153
4957
12147
4953
12142
1353
12138
8541
12135
12133
12128
4937
8532
1335
8528
8527
1334
8524
12116
12114
1324
1321
8514
4917
1320
8510
12104
8507
12101
4909
12100
1311
12095
1307
8497
12088
1299
12085
8489
12083
4889
8485
12079
1286
4883
8478
8473
8471
1277
12060
4867
4866
8460
8459
4862
4861
12044
1258
4858
4857
8452
1257
8450
8449
8448
1253
12040
12037
1249
1248
8439
1239
8426
8422
12016
1227
4821
12010
4818
8411
4806
11994
8395
4795
8391
8390
11983
8385
11974
1186
1182
4775
4774
11960
11956
11955
1167
11948
1160
11946
8350
4753
1155
8347
1153
11931
11929
1137
4732
4731
4730
4729
8323
8322
4724
8320
4722
1124
4719
8315
1121
1118
1113
1110
8302
1109
4704
11890
4702
1103
4699
8295
4698
1100
1098
8291
4694
1096
1092
4687
8283
11877
8280
11875
11871
1081
4675
4673
8269
4672
1073
11860
11853
1065
4661
8257
1064
1062
11848
11847
4653
4652
4651
11841
1051
1049
4645
8241
1045
8238
8237
1037
8229
8227
11816
1028
8221
8220
11814
8217
1022
4616
1018
11801
8204
4606
11792
4600
8194
8193
8192
8190
4594
11783
8183
11778
4586
11777
11776
11775
985
4581
984
8167
4575
977
975
4572
4571
11760
973
972
8163
4566
968
8155
965
8153
963
962
11749
11748
11746
11744
8147
8142
11740
11738
4546
4545
8140
8136
945
11731
4539
11730
938
11723
935
934
4528
931
11716
928
4522
8115
8114
11707
8110
908
907
8095
11693
11691
4499
11690
4497
900
8090
897
8085
8081
888
4483
11672
8068
8067
11657
4465
8060
4463
866
11653
859
856
854
4445
11632
8034
842
8030
4432
8023
4429
832
4427
11616
8018
8017
4419
4416
11607
8005
4410
813
11600
11598
4405
4401
804
803
7994
7993
4396
11587
798
11582
793
11580
791
4386
11577
4384
787
7973
784
11571
782
11569
7970
7965
778
7963
11564
7960
774
4369
772
770
4366
4365
4364
11555
11554
4358
11546
7948
11542
752
7933
11530
11529
4331
733
4328
11515
7916
11512
11509
11506
708
4302
4297
4296
11486
698
697
7887
7885
694
4289
692
7880
11478
11476
687
4283
686
7877
11469
11468
11467
7868
11463
674
4269
11450
7848
656
11442
651
11438
4245
4243
4242
4241
4240
4238
7833
4235
633
11412
624
621
616
4212
11400
11397
4203
7798
7794
7793
11386
7789
596
7787
4184
11375
586
11372
11371
4178
580
579
4174
4173
576
571
4164
11350
562
4158
557
11344
4147
7742
11
2
392
367
140
76
11
98
53
338
398
69
