499
7042
9041
9037
57
10036
2051
3047
2048
7034
1046
3041
2042
7030
1042
8027
1040
6029
10019
36
2029
33
5021
30
9009
5016
3017
7009
6009
1013
7000
5003
4996
3997
2
998
8980
7981
1991
4985
2982
7974
6974
8970
985
4973
974
5963
1969
3965
8954
8953
4953
5947
7942
2948
7937
8934
1946
943
9926
4935
937
2933
9916
7917
6918
6916
9909
4916
4915
5910
918
4909
4907
2910
3907
6899
8895
1906
8893
6896
5897
5895
8884
9882
2895
4884
3879
1880
7868
7864
9860
7862
4864
7858
9852
7855
4860
9849
4854
2854
8844
6847
9840
1841
5832
8823
7819
830
1826
5819
6816
9801
4806
7798
8792
2801
3799
1801
7787
4791
8783
9779
4780
8772
2779
6771
782
8765
3773
7756
768
4760
2763
761
2752
8741
8740
1749
1745
2743
8731
9728
4734
4731
7724
8721
3730
3724
1725
3719
3718
1717
5712
2715
7706
9701
4709
3709
3703
6696
3695
8686
9683
2692
7681
5684
5682
4683
8674
7666
8665
7665
9661
2669
4664
5656
9645
7648
4652
5648
2652
4645
2647
5639
2644
8631
643
7631
3637
6631
5631
3633
5628
5625
1630
1628
9613
4622
625
5616
5615
3618
2619
1619
3612
9599
8597
5600
9592
9590
3600
6594
2599
2594
9580
7583
2592
594
3587
7579
1589
7576
4579
7568
1573
6567
6566
6565
9558
4567
2570
570
5562
2567
6558
9550
561
5547
8534
4532
8525
9522
537
3531
9517
2530
527
1524
5516
2517
6506
8499
5502
5494
8490
9488
8488
9486
4493
499
6482
9475
492
5480
9472
9468
4477
6471
1480
478
4468
1471
3463
9452
6457
4459
6453
9445
449
4441
9431
9427
9423
9422
6425
8421
5426
435
9414
5421
3421
7410
8407
3415
5408
5404
4402
6398
1405
7391
9387
5390
5389
7382
5385
3383
387
4379
3378
6372
9361
374
5365
9357
4366
3365
3363
7354
6352
5351
5349
7345
9337
6342
2346
8334
7330
9326
10324
9325
3335
10321
338
1337
2332
7323
3330
335
6322
2329
5321
2326
10307
3319
9304
1310
2307
3311
5306
2306
4306
6301
9294
3302
8294
3301
6296
8291
4298
1298
297
8279
10276
9277
6281
10272
2283
9267
6268
1272
1268
2272
2270
3267
3265
10252
5261
7256
9251
8252
4254
7251
8248
6251
10242
260
4251
1256
253
7239
8237
8234
2244
10226
2240
6233
4235
7229
4234
2237
5230
1235
8221
9216
3224
8214
9208
2222
9207
1220
3216
7204
5207
6201
210
6197
4199
3195
8184
4191
5188
2188
10168
2183
4178
184
4175
2175
6163
10151
168
167
6151
9142
1156
9139
3148
1151
9131
10128
4140
4139
6134
5134
9123
3134
3132
10114
10112
1129
2127
10109
125
3119
120
5107
1116
3111
6103
10091
6097
10088
3101
7087
9087
3098
10082
2098
1099
3093
8082
5084
3090
6081
9076
6076
9070
10071
10070
3083
88
3081
4078
9066
1081
5072
4073
2075
6064
6063
2070
4064
10052
5061
3063
4056
5055
1062
1
0
