1200
7181
7182
2383
7184
7186
2387
2389
4789
4791
2392
7190
2394
2395
2399
0
1
2402
2403
4804
4805
2406
4807
4808
7199
7201
7208
2412
2413
7210
7212
7213
2419
7219
2422
23
24
4825
7222
7228
7229
31
32
4833
34
7233
4836
37
7237
2444
2448
2452
4853
7252
2456
7257
2458
7262
2468
2469
7268
71
78
4882
2483
7284
2485
86
4885
7286
2489
4889
2492
4892
4894
7299
2503
7303
2505
110
7318
119
7319
2521
7321
7322
2524
7323
4927
4928
4929
2532
7334
4935
7336
4938
7338
143
2544
7344
148
149
150
2549
153
4957
4958
2559
7361
162
4964
4965
167
7368
4969
4970
171
2576
177
4977
7378
7380
7381
7382
183
185
4985
187
2588
7389
192
4993
194
7392
2596
4996
7397
7406
2607
2608
2609
7407
2611
5011
2613
7409
2615
7414
2617
7416
7422
223
2625
7429
7430
2634
2635
7439
2641
5046
5048
249
5049
5051
2652
7453
254
7457
5059
261
2662
2663
7461
265
266
5066
7463
269
2674
7475
2676
5076
5078
279
2679
2680
5081
7479
5087
7489
290
2690
293
5093
297
5097
5098
2700
5103
7508
309
7510
312
7516
2721
7522
326
5134
7538
5141
5150
5154
2755
5159
360
5160
7564
7571
2773
2774
7576
7577
2781
7583
385
2789
7590
5191
392
2793
7593
396
2799
7602
7603
5204
2807
5207
7609
2811
5211
7612
7614
416
2816
7617
2819
7621
422
427
7630
5231
2832
7633
7634
436
5238
2839
2843
2844
2845
5245
7644
450
2850
7651
7659
2861
5261
7663
464
5264
5265
467
468
7670
7677
2878
479
480
7678
2884
7684
486
487
2886
7689
493
496
497
2896
7697
5300
7699
7700
2903
7704
5306
2910
7713
514
516
2916
519
2919
5319
5320
5323
7719
525
7723
2929
7729
5332
7732
537
7741
7742
7746
5348
5351
7752
7753
554
555
2956
5356
2960
5365
566
570
7773
7774
5375
7777
587
588
2990
2992
2993
5392
596
7798
600
5400
3002
603
5402
605
5404
7806
609
5409
613
5413
5414
616
617
7814
5419
3021
623
3023
631
632
633
634
635
3039
640
7839
3042
7841
7844
645
7846
7847
5448
3053
5453
7855
3058
661
5462
3063
5466
675
676
682
683
3084
7883
688
5491
5492
3095
699
701
7901
5505
3108
3113
3115
5516
7916
718
5519
5520
3121
5521
7917
5524
7922
726
3126
3128
729
7925
7927
7931
3133
7935
739
3142
7943
744
3144
7944
7946
748
5548
5549
752
3152
7952
7959
7960
761
7962
764
3164
766
5564
5568
771
7973
5575
5576
5578
3179
3182
5585
787
788
7996
3199
8001
8002
804
5612
8012
5615
3220
8020
822
3223
5622
3225
5626
827
3228
5630
5631
8031
833
3233
8036
839
5641
8041
843
844
3243
846
3247
848
8042
8043
8044
854
5655
8056
8057
3259
8059
5661
8062
3263
868
5668
8076
3278
5680
881
3284
3285
3286
8088
3290
5692
5697
904
905
8104
8106
909
5710
8109
912
5713
8110
916
917
8118
3319
5719
924
5728
3331
3332
5733
8139
8141
5743
3345
5747
5752
5753
3354
5754
8152
959
5760
964
3371
972
5773
5774
5775
3376
8173
8177
8179
5781
3383
8184
3385
5786
5787
988
989
5789
8185
992
8193
993
8202
1005
8206
8207
8208
5809
8210
3410
5811
5812
5813
1017
1018
5819
3423
1026
8227
8228
1029
3427
3430
5826
1033
5834
3436
8239
5839
1041
8242
3447
1051
8252
1052
8254
3452
1056
8257
5856
5860
8261
3462
8264
3464
5864
1067
5867
3470
8272
3472
1074
3474
5878
1081
8282
1086
8294
8297
1097
3497
5900
3501
8302
1102
3504
8305
8316
1117
3518
3519
5916
5917
3526
1129
5930
3531
5934
1135
5935
5937
5941
3544
1146
5948
1152
1153
5956
3560
1161
3562
3563
1170
1172
5972
1174
1175
1176
3576
5977
5978
1184
3586
5986
1190
1191
1193
1195
3596
3602
3606
6011
1214
3619
1221
3628
6028
6032
6038
1239
6041
1244
1245
3647
6048
1249
6057
6058
1261
6062
3663
3665
3666
1269
6070
1272
3672
1278
6078
1280
1281
1284
3689
6089
1291
1295
1299
3699
3702
1303
3703
6103
6104
1311
6112
6113
3717
6119
3720
6121
3722
1327
1330
3730
3731
3734
3738
6140
6142
3743
1353
1355
3755
6160
1360
3767
3771
6177
1377
6180
3781
3782
1384
3785
3786
3788
1389
6191
6193
1398
6199
6200
3799
6204
3804
1407
3808
6209
1411
3811
3813
1414
1417
6218
1418
3817
6222
6227
3831
6232
3835
3837
1438
1443
6244
6245
3849
1452
1453
1455
6257
3858
6259
6262
3863
3865
1470
3870
6277
1478
3882
1483
3887
3889
3890
6293
1496
3901
1503
1505
1510
1511
3910
1516
6317
3917
3923
1525
3925
6330
3931
1533
3933
1536
3937
3940
3944
3945
6349
1549
1550
1551
1553
1556
3957
6358
3958
6363
3963
3973
3975
3976
1577
6378
1579
6382
3982
1584
1585
3984
1587
3989
6390
3991
6398
3999
6400
1600
6402
1603
1604
4005
4006
4010
6411
6412
1613
1614
1615
1619
6422
4022
4027
4031
6436
6440
6449
4049
6451
1651
4053
4054
6455
6458
1660
4061
4062
6463
6464
4063
4065
6467
1672
4072
1674
6475
1679
1680
4079
4082
1684
6490
6495
1695
1697
4095
4100
6500
6502
1704
4109
4110
1709
4112
1710
6520
6522
4128
1728
1730
4134
6536
1738
6540
1743
4146
6546
1747
1755
4165
1765
1769
4172
6572
1773
4176
6578
1778
6580
4188
1789
1791
4194
6595
4198
1803
4209
1809
1811
4213
1813
4215
4217
1819
1820
6621
4223
6627
6629
1831
4232
6633
6635
1835
1836
4241
1845
4252
4254
4255
1856
1858
6659
1862
1864
1871
4272
6672
6676
1878
6679
4282
1885
6686
4288
1888
4296
4297
6700
4301
6701
6706
4317
1919
6726
6727
6728
6731
6737
1940
4341
6743
1944
6745
1946
1947
4348
6750
6752
1952
6755
4361
6762
1965
1966
4369
1970
6771
4373
1973
6780
6783
6784
1987
6790
4393
1993
1994
1997
6800
2003
6805
2009
2014
4415
6821
2024
4428
2028
6830
6831
4432
2031
2032
4436
2039
2046
6849
6853
2057
2058
4458
2063
2064
6865
2066
4468
6870
4473
2074
2075
6875
6879
4481
4482
4483
6883
2085
4486
2087
4492
4494
4495
2103
2104
4504
4505
6904
6907
4509
4510
2111
4511
6909
2115
4516
6919
2123
2124
4523
2126
6925
4528
2129
6928
6929
2132
2133
6930
4535
6931
6934
6941
2145
4546
4551
6951
6953
2154
2157
2159
4560
6962
6965
2167
2168
4569
6967
4571
4575
6976
4581
6983
6984
4585
2190
2197
2199
2205
2206
7005
2208
4608
2210
2211
4611
7009
4614
2215
7010
2219
2221
2225
4625
2227
7026
7028
4630
4633
4635
4637
4647
7048
2252
2255
7058
7060
7061
2263
2264
4665
4668
2275
7078
2282
4682
2285
4686
4689
4694
2295
2296
4698
2299
7102
2307
2309
7109
2311
4716
2322
2323
4727
2331
2332
4731
7134
7135
4741
4744
2346
2350
4750
4751
4755
7156
2357
7157
4761
2363
4764
4765
4767
7171
2373
7173
7175
4
1
115
22
175
