510
787
791
1817
1819
1822
1824
1827
1828
1830
1840
823
1845
827
1850
834
1859
840
841
1863
843
856
859
864
1885
866
868
871
1892
875
884
1915
896
1923
1925
1926
905
1928
912
1935
917
1939
1941
921
922
1950
930
1952
934
1955
1959
940
946
949
950
1971
952
1973
960
962
966
1994
1996
1997
2004
2008
988
992
2015
2017
999
1002
2026
1006
2031
1015
1016
2038
2039
1020
5
2045
1032
1033
2054
14
15
16
17
18
1040
19
21
23
1045
2066
2071
1052
35
38
2081
2083
1064
45
2086
50
1071
52
2093
2095
55
1077
1079
1080
60
61
2103
63
65
69
71
1092
73
2114
75
2116
76
80
1102
1103
84
2125
2126
88
2130
2131
92
95
99
101
103
107
108
2149
110
2151
2152
1133
2154
2155
1135
112
114
2160
2165
126
2168
2170
2172
133
1155
2176
2178
1159
143
1165
147
2188
2190
1170
1171
2193
2195
2198
159
1182
162
2204
1184
2207
1188
1189
167
172
175
1198
2221
2223
2224
1204
191
2233
194
2235
1215
2237
198
1220
2246
2247
1226
1231
1235
215
1237
2259
1240
2263
2265
2266
225
1248
227
1253
237
239
243
1266
2292
1274
1278
2302
1282
2304
265
267
275
2317
1297
2319
2321
281
1303
1304
283
1306
2328
1311
291
293
2334
1314
297
2338
299
1322
2343
304
1325
307
2349
309
311
2354
318
2360
321
1342
1343
1346
326
2373
334
335
337
1358
1359
338
2383
344
1367
1369
2390
2391
2392
1370
1371
1374
2396
357
1379
359
2401
1382
362
364
1385
1387
368
1392
2413
375
2416
377
2418
1399
380
381
2423
2425
2426
1405
1406
1407
388
1411
389
2433
2436
2437
1416
1418
1420
1421
398
1422
2444
400
2446
2447
405
2449
409
410
2452
2453
1434
413
2456
2457
417
2460
2461
2462
424
425
1446
1448
2470
2472
1453
2474
432
433
1457
435
436
437
1461
2485
445
2489
1472
455
1479
1480
1481
462
465
2515
476
2517
2518
477
2520
1501
480
484
2525
1510
1511
2533
1513
1515
497
2538
503
2545
506
1527
508
2549
1529
510
1532
516
1537
2559
520
1541
1542
2563
1543
1544
1546
523
525
1549
2570
2571
2573
535
2578
2580
1561
1562
2583
1563
542
2586
544
2588
547
548
2593
1574
558
1579
559
2601
2604
2610
2611
1590
1593
576
2621
1605
2626
1609
2634
595
2636
2639
1621
2642
607
610
1631
612
2654
614
2658
1639
1641
622
2664
1645
2669
2673
633
1655
1656
637
1660
640
642
1667
653
1676
1677
664
665
1687
1688
1690
1699
1700
684
685
686
1708
689
1710
1712
1715
696
1717
705
706
1727
708
710
1733
1735
1736
1738
720
724
729
1751
1752
732
738
739
1760
1761
1768
1777
1778
760
763
765
1787
1788
768
1794
1801
782
783
785
5
78
21
33
55
37
