1307
7533
4920
7535
4922
2309
4923
4924
4925
2316
4931
7546
2320
7550
4937
2324
7552
7553
7554
4942
2329
7558
4945
7560
4947
2344
2345
2351
4966
2353
2354
4967
7584
2357
4972
4983
2372
4986
4987
4989
4990
7606
7607
2387
5002
7616
5004
7617
7622
2400
7629
7630
5017
2404
2405
5022
7638
7639
7646
7647
5038
7652
2427
5041
5049
5054
2449
7677
5066
2453
5067
2455
2456
5068
5073
5074
2461
2462
5076
2464
5077
7691
2470
2471
2472
5087
5088
5089
7701
2478
2482
2484
2487
5102
5104
5113
5118
5123
2510
2512
7740
2524
5138
5140
7752
2529
5143
5144
7759
2538
2546
2547
2549
7778
5165
5169
2556
7785
5175
7789
2563
5177
7796
7797
2570
5184
5186
2573
5188
5189
2576
7806
2582
7810
7812
2587
7815
7817
5204
2596
2597
5211
5212
5215
5221
5226
7841
5229
2
5231
2618
2619
6
5235
7846
10
5239
5241
2630
5246
2634
22
2638
27
2642
7872
7873
2647
2648
2649
5261
5264
39
40
5267
5268
5272
7886
2662
49
2663
5276
5280
54
7896
5284
7898
2672
64
2678
66
5293
2682
5297
7907
71
7912
2693
7921
81
5309
5310
89
2703
7931
5320
93
94
5323
96
7936
7938
5327
2714
102
103
2720
2721
108
5334
110
7948
2726
7953
5343
5345
7966
2740
2741
5355
7969
7971
7974
2747
135
5364
137
2753
140
7981
5371
5372
146
2760
2762
2763
5374
5376
7991
153
7993
7995
2770
5385
158
8009
2783
2786
8014
175
176
181
185
2801
8029
2803
190
2804
2805
5417
194
2808
5419
5425
198
199
5426
201
8031
8038
8042
8047
206
2822
210
8052
8054
213
2829
5445
219
222
8066
5454
2841
228
232
233
2847
8076
5464
2853
5467
5469
8081
243
244
8082
246
8084
248
2866
2867
254
8095
2870
261
2875
2879
8107
5495
5496
269
8116
281
2895
8124
2898
8126
5514
2901
5516
8131
2905
2906
2907
5519
2911
298
299
2913
303
5531
305
8145
8148
308
5536
5537
5538
8152
8154
315
8158
8161
2934
329
2944
5560
333
8176
5564
338
2953
2954
2955
2958
2959
2961
8189
5580
353
356
357
2971
5587
8206
365
8210
8211
2985
5599
2987
8216
377
5605
2993
5606
8223
5609
383
5612
8227
3000
5614
5616
5618
391
8234
3007
394
3008
3010
5625
8240
5628
8245
3019
406
5633
8250
5635
411
3027
8256
414
5642
420
422
8267
5653
427
5655
431
432
8275
5661
8277
8280
439
5668
8284
443
5670
8287
5671
8290
448
8292
5677
3067
3068
3070
5690
8308
3081
468
470
8314
8316
475
5704
8319
5705
479
3094
3095
5709
8326
3099
487
8330
3101
8336
3111
5725
499
5726
503
504
8347
8349
508
5736
5739
5740
3127
5744
5745
5748
8363
522
8365
3140
8371
3143
533
5763
3150
3152
5766
5767
541
3156
5768
5777
550
5779
552
554
556
3174
3177
3184
573
3189
576
3191
5804
5808
581
584
5812
3200
5816
3204
5822
595
3210
5823
3216
3217
3221
5837
3224
3230
617
618
619
5845
5846
5848
624
625
5853
5856
629
5859
5861
637
639
3253
3254
3256
644
645
647
3263
655
3269
5884
5885
5886
660
3280
3281
5894
669
5898
3285
672
674
5917
5922
3311
5926
5930
708
3322
710
712
5940
714
715
3329
3331
5945
3333
5947
3335
724
3340
731
733
5961
5967
741
5970
3357
5971
745
3362
5978
3366
3367
3369
5986
3378
767
6000
6001
774
775
776
6009
3397
784
6018
795
6024
6029
6036
809
6040
6044
6047
6050
824
825
3438
6054
6055
6058
3445
6062
835
836
837
838
3450
842
6072
3460
847
3462
6075
6080
3467
854
855
3470
859
864
3479
866
3485
6099
3488
876
6104
3492
6108
883
3497
3498
6111
3507
894
895
3509
897
3512
6133
3521
910
6139
915
6153
3541
928
931
932
3545
934
3547
937
938
939
3553
3555
942
3558
3559
6175
6176
3566
3568
955
959
6189
961
963
3578
965
966
6197
970
6200
6204
977
979
6213
986
6216
988
6222
3610
999
3615
6230
1007
1009
6238
3623
3629
3631
6247
1022
6251
3637
6253
3640
6256
3644
3645
3646
3649
1036
3651
6269
6270
6271
1046
6276
6280
3667
6285
1060
3674
1062
1064
3678
3679
3684
6301
1076
3690
3692
6314
6318
6319
6323
3709
1097
1102
3716
1104
3717
1108
6338
1110
6340
1112
1114
1119
1120
3741
3742
3745
6365
3755
1152
6381
3768
6386
6387
6389
1164
3779
6394
1170
6401
1173
3790
3791
3794
6411
1183
1186
3801
6419
1191
1192
6422
1195
1198
6428
3817
6438
1214
1216
6449
1222
3836
1224
1226
6456
6457
1228
1229
1231
3844
1234
3848
3849
3850
6466
3854
3856
6473
3859
3861
6479
6480
1252
1254
3867
1256
3871
3874
6489
3881
1269
6500
1273
1275
1276
3892
3894
3895
3898
1286
3903
6518
6519
1293
3909
3910
1297
6526
1306
1308
3924
6541
3927
3929
1316
1318
6549
1325
6556
1333
1334
3947
1336
3950
1338
3952
6571
1345
6577
6578
6579
6580
1352
6583
1357
3972
3982
6603
1377
6611
6612
3997
6616
4002
4006
6627
1399
1403
4020
6636
6647
6648
4033
1426
6657
6663
6665
1437
4052
1440
4054
6672
6673
6674
6675
4064
6679
1452
4065
1454
6684
6689
1462
6691
6692
4076
4085
6700
6702
1474
1476
1480
1481
4094
6711
6715
4102
1488
1493
4111
6725
6726
1502
4117
1503
6734
1507
4122
1508
4125
4133
1524
6753
4140
6755
6756
1525
4144
4145
1527
6765
4154
1541
6775
6776
4164
1550
6780
1552
1553
6788
4176
4178
6792
4180
4183
6798
1571
1574
4191
6805
1580
6809
4198
6812
1591
4206
4209
4211
1598
4216
1603
4220
4221
6834
6836
4225
4226
6843
1618
6848
6849
4236
6852
1625
4240
1626
6856
1629
6858
1633
4251
6865
6867
1638
6870
1643
4258
1644
1647
4264
6883
6884
4271
6885
1657
1658
1661
6890
4278
4281
1672
6902
6905
6906
6907
4294
6909
4296
1684
6913
1690
6919
6926
1699
1701
4321
1712
1713
1715
1716
1719
4335
1722
1723
4341
6957
4345
6961
6962
1736
4352
4353
6967
6968
4367
1753
1757
6986
1759
1761
4377
1766
6997
4384
4385
4386
7004
7008
1780
4396
1785
1786
4402
7016
4404
7019
1789
4410
1797
7029
7030
1803
1807
7039
1811
4428
7043
4430
4431
4432
1814
1818
4435
1819
7052
7053
4442
7060
1833
7063
1835
1839
1840
1841
4456
7073
7074
1848
1854
7083
4477
1866
4481
4485
7103
7108
4495
4497
1884
4499
1886
7116
7118
7119
4507
1894
1895
4510
1896
7126
4516
7134
4529
1915
7145
4532
1917
4534
1920
4536
1925
7155
1930
7161
4548
7163
7165
1938
4557
7172
4559
4560
7184
1962
1964
4580
7194
1966
7198
1971
7201
4589
7209
7212
7214
1987
1993
7223
1995
1996
4613
2001
2006
4622
4628
2015
4630
2016
2019
4637
7255
2030
7260
7261
2034
4649
7264
2036
7266
2042
2046
7278
4666
4669
7283
7284
2061
2062
4675
7289
7294
2070
4685
7298
7300
4689
4690
7306
2079
4693
7308
7309
2094
7323
4713
7332
7333
7334
7335
4724
4725
7346
7347
4739
7353
7354
7356
4747
7362
2137
4751
4752
4754
4755
2142
7366
4759
7373
2149
7383
2156
4770
2162
4776
7394
2168
4783
2170
4787
4789
7412
2187
7416
4803
7418
4805
7427
4814
7429
2202
2203
7430
7431
7433
4821
7436
7441
4828
7442
7443
4833
7453
4840
7455
2233
2235
4851
7466
2239
7468
4857
4859
2246
2249
7477
2251
4866
2254
2257
7492
2267
4882
7500
7502
4891
4893
2280
7507
7509
7510
4902
7517
2298
2300
2302
13
101
128
389
77
311
26
314
343
31
9
69
253
124
