605
1275
1277
69
1279
1280
73
1284
1288
79
80
1291
1296
1297
88
91
1305
1306
98
1309
100
1310
102
103
1312
105
1315
1316
1317
1318
1323
1325
117
1327
119
120
121
1330
1332
125
127
1338
1339
132
133
134
1342
1344
137
1346
1349
140
141
1350
1354
1356
147
148
1358
150
1360
1361
153
154
155
156
157
158
159
1362
1363
1365
1370
1371
1375
167
1378
169
170
1379
1380
1381
174
175
176
177
178
1383
1386
1387
1388
1390
1392
1396
191
192
193
1401
1405
1406
198
1409
200
1410
1413
205
206
207
1415
1422
1423
1424
215
216
217
218
1425
1426
221
1427
1429
1430
225
226
1431
1434
1437
230
1438
232
233
234
235
236
1439
1442
1444
1445
241
1446
243
1449
1451
246
1453
1457
1458
250
1460
1461
1463
254
1467
258
259
260
1470
1471
1472
1474
265
266
267
1477
1478
270
1480
272
1483
1484
275
276
277
1485
1487
280
1490
1491
283
1493
1494
1497
288
291
292
293
294
1502
296
1507
299
1510
1511
302
1512
304
305
1514
1516
1518
310
1521
314
1525
1526
317
320
321
1531
323
1532
1535
326
328
1539
332
333
1542
1543
1545
1547
1548
340
342
1552
1554
1555
347
354
1564
356
1565
1566
361
1571
1573
365
366
1576
368
1577
372
1583
1584
376
1586
378
379
380
1588
382
1590
387
1597
389
390
1599
394
397
401
402
403
404
408
415
422
428
430
432
437
440
444
445
447
450
451
456
458
463
468
472
479
480
483
484
486
487
488
489
495
499
504
505
506
507
508
509
510
511
512
516
517
518
522
523
527
537
539
540
542
548
550
551
559
560
564
566
568
570
571
578
582
583
584
588
590
598
600
604
606
607
612
613
615
621
622
631
633
634
636
637
638
639
640
644
645
647
652
653
654
658
659
664
666
667
668
670
674
675
676
679
681
682
689
694
696
700
703
705
707
708
709
715
718
724
725
729
731
733
734
737
742
750
752
757
762
763
764
768
769
773
776
779
780
787
788
791
792
793
796
797
798
800
802
803
807
808
810
811
812
817
818
819
824
825
831
832
834
842
843
844
845
847
848
849
851
852
856
857
859
865
866
869
873
875
876
880
882
884
885
891
899
905
907
908
909
910
913
915
917
919
923
925
927
931
938
939
940
948
952
953
956
962
966
968
972
973
977
978
981
982
983
984
988
989
992
994
997
1001
1002
1004
1009
1011
1014
1020
1026
1027
1030
1033
1035
1036
1040
1042
1043
1044
1045
1046
1049
1052
1053
1060
1061
1068
1070
1071
1073
1074
1076
1077
1078
1079
1080
1082
1083
1084
1086
1088
1089
1090
1096
1099
1101
1102
1103
1105
1110
1111
1113
1126
1130
1131
1137
1143
1144
1147
1149
1152
1153
1159
1162
1166
1167
1168
1169
1180
1181
1182
1183
1184
1185
1186
1188
1189
1195
1196
1197
1203
1204
1205
1209
0
1211
3
4
5
1216
8
9
11
12
1223
1225
1226
17
18
1228
20
1229
22
1230
1231
1233
28
29
1238
1239
1240
1242
38
39
1251
1252
43
44
1255
46
1260
1262
1264
55
56
57
1267
59
1269
61
105
16
226
228
19
21
231
25
27
238
241
32
244
36
246
38
247
40
248
42
257
47
259
49
53
54
266
56
268
62
273
63
68
70
71
283
288
80
292
295
296
85
88
300
305
95
308
309
310
311
313
103
317
109
110
321
322
327
118
334
124
125
337
338
341
342
343
132
351
354
144
356
146
358
148
153
364
162
164
375
167
168
169
172
174
182
184
187
188
190
192
193
197
199
202
206
210
1
2
211
4
7
8
9
217
219
