1804
53
3660
49
48
7257
7256
34
3640
10856
7238
10844
15
10837
3620
11
3617
7224
10832
7221
10829
1
3608
7215
7211
10817
7206
10813
7199
3589
7194
10802
7190
7188
10796
3578
10793
7183
7182
10789
3570
3566
10784
7174
10782
3555
3548
7155
3542
3538
3537
7144
7140
10747
10745
10743
3526
10740
10739
10736
7126
10734
10733
10727
3510
10725
10721
7107
3496
7103
3491
10701
3482
7089
7088
3478
3471
10686
3468
3467
10683
3465
7073
3461
7069
3459
10674
3456
7060
10667
7053
10661
3442
7050
10658
7048
10656
3437
7045
10653
3435
7043
3433
3432
10648
3430
10646
3426
7033
3422
10637
7024
7022
7021
3411
10626
3406
3403
7010
3400
7007
10610
10608
10606
6997
6994
10602
6993
6991
6989
6984
6981
3362
6968
10574
10572
6962
3351
10568
10567
6955
3335
6948
10557
6945
10555
10554
10553
6941
6940
10550
10549
6939
10547
3329
3326
6932
3323
10538
3320
3315
10532
6923
3311
6921
3310
3307
6918
6917
10524
6915
3304
10517
3297
3295
6902
10510
10507
6898
3288
3287
6894
6890
6887
6884
3275
3274
10489
10487
3262
3261
3257
6864
3249
6857
3242
3241
10458
6849
3240
3237
10450
10449
10448
3231
6837
3228
3225
6833
6831
3220
10434
10433
6821
3212
10427
3208
6816
6815
6814
10418
6805
10411
6798
6795
3186
6793
10399
3171
10385
10384
3166
3162
6773
6772
10379
6770
3155
3154
6763
3153
6760
10368
10366
10361
3144
10359
6750
10357
3139
10349
3131
6736
10343
3125
6733
6731
3122
3120
3119
10335
6722
10328
3111
6715
3106
6708
3097
6704
6703
10311
10310
6692
6689
6688
3077
10293
3076
6683
3071
6679
6676
3056
10272
3052
6659
6655
3046
10255
6646
3037
10250
10247
3030
10245
3023
6631
6630
6627
6624
10231
6619
10225
3007
6612
2999
2997
10213
6602
2993
6597
2987
2984
10189
6580
6578
6577
10185
10184
2967
10178
2955
10172
10171
6558
2948
2947
10162
2942
6550
6547
2938
2936
10152
2935
2930
6538
6534
10142
2925
10140
10137
6528
10130
10126
6517
2908
6515
2902
6510
10119
10118
2900
2899
2895
2894
10109
2892
2888
10106
10105
2886
10103
6493
10101
6489
6488
6483
2874
6479
2867
10083
10081
2863
6469
6457
2845
2844
10059
2841
6445
6444
2834
2831
10046
2828
2826
6432
6431
6427
6424
6421
6420
10026
6415
10023
10021
2801
2798
6405
10012
10010
2792
6398
2789
2787
2784
6393
6392
9996
2773
6379
9986
6377
6376
2764
6372
6370
2759
2758
2756
6360
9968
9966
6354
2742
6351
6350
9958
6349
9955
2737
6344
9952
6343
2733
2729
9945
9942
2722
2721
9936
9935
2715
9930
2709
6317
2708
9922
6311
9919
9915
9912
9910
6300
2687
6293
2678
2676
9887
2670
2665
9881
9875
2656
9873
6264
6262
6257
9865
6249
2637
6245
9852
6242
6241
6239
9843
9835
6218
2609
9823
6212
9818
9817
2599
6203
9808
9807
6194
6192
9795
2577
6185
9792
9789
2562
9777
2560
2559
6164
2552
2551
9760
2543
2538
9753
2536
2535
9749
2532
2531
6137
9740
2522
6127
2518
6121
9730
9729
2509
9724
9720
2502
2501
6107
6106
2497
6102
6097
2486
2484
2482
9691
6080
2469
2468
9684
6073
2463
2461
2459
6067
9674
6064
9672
2452
2447
6055
9662
9661
2442
2441
6049
6047
6043
9646
2427
9639
9636
6026
6025
6022
9630
9628
2410
2407
9623
2406
2401
9618
6009
9611
9610
9608
2390
9605
2387
2381
5988
5987
5985
9593
2375
9587
2369
5977
2367
2365
2363
5970
5969
2359
5966
5964
5963
5961
2349
5957
9564
9563
2344
5952
9559
2342
9556
9555
2336
9552
2335
9550
2333
5938
5935
9542
2324
5931
2320
2315
5924
5923
5921
9528
9526
5915
2304
5912
9519
9516
2299
2296
5901
2292
9505
5891
9499
9497
2279
2276
5885
2275
5883
9490
2272
5880
5879
5874
9478
5869
2259
5862
9470
2252
5860
5859
5852
2241
2238
5847
9454
5845
5843
2233
9449
5837
2220
5822
5821
9428
5815
2206
9421
2203
2196
9412
2194
9410
2192
5800
2191
9406
5795
5792
9399
9398
5788
9395
5786
2177
9391
9390
2173
2171
2169
9385
2163
2162
2160
2158
5759
9366
5757
9364
5754
2143
2142
5748
2133
5740
2131
5738
5735
5733
5729
9337
5727
9334
5724
9330
2113
2111
9327
2103
9319
2100
5699
5698
5695
2084
5691
9297
9296
9295
9294
9290
9289
2072
9287
5678
5671
2060
9277
5668
5666
5660
9268
2047
9262
5651
9255
2034
9250
5638
2029
5636
5634
2018
2016
2012
9228
9225
9218
5608
9210
1993
1990
9206
5595
9203
9200
1981
9195
5586
1976
5584
9190
9189
9186
5576
9183
1966
1965
1963
5570
9178
9177
9171
5560
1950
9165
9164
9162
5551
9152
5543
1931
1924
5531
9139
5529
9137
5526
1916
9131
9129
5519
1906
5514
9122
9119
1901
5509
1900
5504
5502
5501
1889
9098
9096
9095
9094
9092
1873
5474
5471
9079
1862
9075
9072
5458
5457
9064
1845
1844
9058
9057
5447
5444
5441
5438
9046
9045
5434
5433
9041
5428
9037
9036
9035
1818
1816
5423
9030
9029
9028
9025
5416
5414
5413
1801
9017
1796
9012
9009
9004
1786
5390
5389
8996
5386
1775
1774
5381
5380
8987
5376
8982
8981
8980
1760
8976
5365
8967
5358
1749
5355
1743
5350
8956
5346
8954
8952
1735
8948
1730
5337
8945
5336
5335
1723
1722
1720
5327
8935
1715
8930
1706
1705
1703
1702
5314
8921
1701
5310
8918
5309
5307
8915
1698
5305
1689
8905
5296
1681
1678
8892
8887
5274
1659
5267
1658
5265
1654
5259
1646
8854
8849
5239
5231
5229
1620
1618
1617
8832
1606
5213
8819
8815
1597
1596
5203
1594
5201
5200
8805
1584
5189
5188
1579
5185
1573
5181
1570
5179
5178
5172
12386
5162
8768
12379
12378
12377
12376
8767
12374
1547
5152
12369
12368
1539
1536
8755
12362
5145
5144
5141
5138
8745
8744
12348
5131
12346
1520
5128
8734
1515
5123
8730
12338
1508
12333
8724
12331
8722
5112
12327
1502
5108
8715
12322
1497
5099
12309
8700
12307
5089
8695
8692
1474
1473
5081
5080
5079
1470
12289
1457
8673
5064
12278
8669
12269
1450
1448
8664
5054
8662
1445
1443
5051
12265
5049
12262
5046
1435
5044
5043
12257
12256
1432
12250
1425
5033
12246
5028
5027
12240
1414
8630
8629
1411
8627
1410
12232
1407
1405
5010
12224
12221
5005
8613
12218
1394
5002
1390
4998
12213
1387
8601
1384
8599
8598
8597
4988
8595
12200
1375
8591
8590
12197
4978
8586
8585
12192
8581
8578
8577
8575
4965
12178
4962
1353
12176
8567
4957
8564
12170
4953
8560
1335
1334
12154
12153
4937
8541
1324
12147
1321
1320
12142
8532
12138
12135
1311
8528
8527
12133
4917
8524
1307
12128
4909
1299
8514
8510
12116
8507
12114
1286
4889
12104
12101
1277
12100
4883
8489
12095
8485
12088
12085
12083
12079
8478
1258
1257
4867
4866
8473
1253
8471
4862
4861
1249
4858
4857
1248
8460
8459
1239
12060
8452
8450
8449
8448
8445
1227
8439
12044
12040
12037
4821
4818
8422
4806
8411
12016
12010
4795
1186
1182
8395
8391
8390
11994
8385
1167
4775
4774
1160
11983
1155
1153
11974
4753
1137
11960
8350
11956
11955
8347
11948
11946
1124
1121
4732
4731
4730
4729
1118
4724
4722
1113
4719
1110
1109
11931
8323
8322
11929
8320
1103
1100
8315
1098
1096
4704
4702
1092
4699
4698
4694
8302
1081
4687
8295
8291
1073
11890
1065
1064
4675
8283
4673
4672
8280
1062
11877
4661
8269
11875
1051
1049
11871
1045
4653
4652
4651
8257
1037
4645
11860
11853
1028
11848
8241
11847
1022
8238
8237
1018
11841
8229
8227
4616
8221
8220
8217
4606
11816
4600
11814
8204
4594
985
984
8190
11801
977
4586
8194
8193
8192
975
973
4581
972
8183
11792
968
4575
965
963
4572
4571
962
11783
4566
4565
8167
11778
11777
11776
11775
8163
945
8155
8153
938
4546
4545
11760
935
934
8147
931
4539
928
8142
8140
11749
11748
8136
11746
11744
4528
11740
11738
4522
11731
908
907
11730
8115
900
11723
8114
897
8110
11716
4499
4497
888
11707
8095
4483
8090
8085
11693
11691
11690
866
8081
859
4465
856
4463
854
8068
8067
11672
8060
842
4445
11657
832
11653
4432
4429
4427
8034
8030
813
4419
11632
4416
8023
8018
804
803
4410
8017
798
4405
793
4401
11616
791
8005
4396
787
784
11607
782
7994
7993
778
4386
11600
4384
11598
774
772
770
11587
7973
4369
11582
11580
4366
4365
4364
7970
11577
752
4358
7965
7963
11571
11569
7960
11564
733
7948
11555
11554
4331
11546
4328
11542
7933
708
11530
7916
698
697
694
4302
11515
11512
4297
4296
687
686
11509
11506
4289
4283
674
7887
671
7885
7880
7877
11486
4269
656
11478
7868
11476
651
11469
11468
11467
11463
7848
4245
633
4243
4242
4241
4240
4238
4235
11450
624
621
11442
7833
616
11438
4212
596
4203
11412
586
7798
7794
7793
580
579
11400
576
4184
7789
11397
7787
571
4178
4174
4173
11386
562
557
4164
11375
4158
11372
11371
542
540
4147
533
4139
7742
11350
4132
4131
4129
11344
518
7732
4122
7728
4118
4117
7722
7720
501
7716
497
492
4099
11314
489
7703
7699
11307
11304
480
7693
4084
4080
4078
7685
11293
469
468
7681
7680
464
11285
11282
7668
11277
11276
11274
7662
7655
4042
7653
7652
11259
434
4040
11256
430
429
428
4029
7642
7639
7638
423
422
7634
11244
7633
7632
417
7631
415
11236
11234
410
7625
7621
11229
405
4010
7617
7616
11223
7612
397
11220
11219
7610
7609
7607
11211
388
387
385
11207
383
7595
11205
11203
379
3983
373
370
7584
11192
364
7574
3963
3962
3960
7565
3954
7562
3950
11166
3946
11164
3942
7553
7552
11160
335
334
333
3939
7546
330
3934
3932
3929
321
7535
11143
3926
3919
7527
7526
11136
11134
310
3914
11124
298
294
3901
7502
3891
7497
11104
3885
3884
11099
274
7489
3878
7487
11094
7482
11090
7480
7477
11083
257
11078
7467
11076
251
7466
249
3855
11071
241
11062
3841
7449
7445
232
7444
11054
11052
228
11051
7439
11046
3829
11044
3823
7431
210
3810
11021
196
11018
7409
7408
7405
3794
3793
11009
3791
3790
11006
11004
3787
7391
10996
3776
3773
10989
3768
3763
7374
10983
7373
157
7371
10978
154
3756
3755
7365
149
7363
7362
10970
3753
10967
143
7357
7356
7352
137
136
7350
10957
7346
7345
10952
3731
10949
125
10948
123
3730
7336
119
117
3722
3720
10934
3715
108
3714
106
3713
7320
102
3709
3707
3703
3701
92
7305
89
7302
81
10901
75
10897
3679
10892
7281
7279
61
56
3662
7269
11
392
367
140
76
11
98
53
338
398
69
2
