1210
1778
6621
6627
4209
6629
1789
4212
4213
6633
4215
6635
4217
1791
4223
1803
1809
1811
4232
1813
6659
1819
4241
1820
1831
4252
6672
4254
4255
6676
1835
1836
6679
1845
6686
4272
1856
1858
6700
6701
4282
1860
1862
1864
6706
4288
1871
4296
4297
1878
4301
1885
6726
6727
6728
1888
6731
1895
4317
6737
6743
6745
6750
6752
6755
1919
4341
6762
4348
6771
6780
4361
1940
6783
6784
1944
1945
1946
1947
4369
6790
1952
4373
6800
6805
1965
1966
1970
4393
1973
6821
1987
6830
6831
1993
1994
4415
1997
2003
4428
6849
2009
4432
6853
2014
4436
2024
6865
2028
6870
2031
2032
6875
4458
6879
2039
6883
2046
4468
4473
2057
2058
4481
4482
2063
2064
4483
2066
4486
6904
6907
6909
4492
2074
2075
4494
4495
6919
4504
2085
4505
2087
6925
4509
4510
4511
6928
6929
6930
6931
4516
6934
6941
2103
2104
4523
4528
2111
6951
6953
2115
4535
6962
2123
2124
6965
2126
4546
6967
2129
4551
2132
2133
6976
4560
6984
2145
4569
4571
2154
4575
2157
2159
4581
4585
7005
2167
2168
7009
7010
7020
7026
4608
7028
2190
4611
4614
2197
2199
2205
2206
4625
2208
7048
2210
2211
4630
4633
2215
4635
4637
7058
2219
7060
2221
7061
2225
2227
4647
7078
4665
4668
2252
2255
4682
2263
2264
7102
4686
4689
7109
4694
2275
4698
7120
2282
2285
7134
2295
2296
4716
7135
2299
2307
4727
2309
2311
4731
7156
7157
4741
2322
2323
4744
4750
2331
2332
4751
7171
4755
7173
7175
4761
7181
7182
4764
4765
2346
4767
7184
7186
2350
7190
2357
7199
7201
2363
7208
4789
7210
4791
7212
2373
7213
7219
7222
2383
4804
4805
2387
4807
2389
4808
7228
2392
7229
2394
2395
7233
7237
2399
2402
2403
4825
2406
2412
2413
4833
7252
4836
7257
2419
0
1
2422
7262
7268
4853
23
24
2444
7284
7286
2448
31
32
2452
34
2456
37
2458
7299
4882
7303
4885
2468
2469
4889
4892
4894
7318
7319
7321
7322
2483
7323
2485
2489
71
2492
7334
7336
78
7338
4921
2503
7344
2505
86
4927
4928
4929
4935
4938
2521
7361
2524
7368
110
2532
4957
4958
119
7378
7380
7381
7382
2544
4964
4965
2549
4969
4970
7389
7392
4977
7397
2559
143
4985
7406
7407
148
149
150
7409
153
4993
7414
2576
4996
7416
162
7422
167
2588
7429
7430
171
5011
177
7439
183
185
187
2607
2608
2609
2611
192
2612
194
2613
2615
2617
7453
7457
7461
7463
2625
5046
5048
5049
5051
2634
2635
7475
5059
7479
2641
223
5066
7489
2652
5076
5078
5081
2662
2663
5087
7508
249
7510
5093
254
2674
2676
5097
7516
2679
2680
261
7522
5103
265
266
269
2690
7538
279
2700
290
293
5134
297
2721
5141
7564
309
5150
7571
312
5154
7576
7577
5159
5160
7583
326
7590
7593
2755
7602
7603
7609
5191
7612
2773
2774
7614
7617
360
2781
7621
5204
5207
2789
7630
5211
2793
7633
7634
2799
7644
385
2807
2811
392
5231
7651
396
2816
5238
2819
7659
7663
5245
7670
2832
416
7677
7678
2839
5261
422
2843
2844
2845
5264
427
5265
7684
2850
7689
436
5276
7697
7699
7700
2861
7704
450
7713
2878
7719
5300
7723
464
2884
2886
467
468
5306
7729
7732
2896
479
480
5319
5320
2903
5323
7741
486
487
7742
7746
2910
5332
493
7752
7753
496
497
2916
2919
2922
5348
2929
5351
7773
514
7774
516
5356
7777
519
525
5365
5375
2956
537
7798
2960
7806
5392
554
555
7814
5400
5402
5404
566
5409
570
2990
2992
2993
5413
5414
5419
7839
7841
3002
7844
7846
587
588
7847
7855
596
600
3021
603
3023
605
5448
609
613
5453
616
617
3039
3042
623
5462
7883
5466
631
632
633
634
635
3053
3058
640
7901
3063
645
5491
5492
7916
7917
661
7922
3084
5505
7925
7927
7930
7931
675
676
3095
5516
5519
5520
5521
682
683
5524
7935
7943
7944
688
3108
7946
7952
3113
3115
699
7959
701
3121
7960
7962
3126
3128
5548
5549
3133
7973
718
3142
3144
5564
726
5568
729
3152
5575
5576
7996
5578
739
8001
8002
744
3164
5585
748
752
8012
3179
8020
761
3182
764
766
771
5612
8031
5615
8036
3199
8041
5622
8042
8043
8044
5626
787
788
5630
5631
8056
8057
8059
3220
5641
8062
3223
804
3225
3228
5649
3233
5655
8076
5661
822
3243
827
3247
5668
8088
8090
833
839
3259
5680
843
844
3263
846
8104
848
8106
8109
8110
5692
854
5697
3278
8118
3284
3285
3286
868
3290
5710
5713
5719
8139
881
8141
5728
8152
5733
3319
5743
904
905
5747
909
3331
912
3332
5752
5753
916
917
5754
8173
5760
8177
8179
924
3345
8184
8185
8193
3354
5773
5774
5775
5781
8202
8206
8207
8208
5786
8210
3371
5787
5789
3376
959
3383
964
3385
8227
8228
5809
5811
972
3392
5812
5813
8239
5819
8242
5826
988
989
3410
8252
992
8254
993
5834
8257
5839
8261
3423
8264
1005
3427
3430
8272
3436
1017
1018
5856
5860
8282
5864
1026
3447
5867
1029
3452
1033
8294
8297
5878
1041
8302
3462
3464
8305
1048
3470
1051
1052
3472
3474
8316
1056
5900
1067
1074
5916
3497
5917
3501
3504
1086
5930
5934
5935
1097
3518
3519
5937
5941
1102
3526
5948
3531
5956
1117
3544
1129
5972
1135
5977
5978
3560
3562
3563
1146
5986
1152
1153
3576
1161
3586
1170
6011
1172
1174
1175
1176
3596
3602
1184
3606
6028
1190
1191
6032
1193
1195
6038
3619
6041
3628
6048
1214
6057
6058
1221
6062
3647
6070
6078
1239
3663
1244
1245
3665
3666
1249
6089
3672
1261
6103
6104
1269
3689
1272
6112
6113
1278
3699
1280
1281
3702
3703
1284
6119
6121
1291
1295
3717
1299
3720
6140
3722
1303
6142
3730
1311
3731
3734
3738
6160
3743
1327
1330
3755
6177
6180
3767
6191
3771
6193
1353
1355
6199
6200
1360
3781
3782
6204
3785
3786
3788
6209
1377
6218
3799
6222
1384
3804
6227
3808
1389
3811
6232
3813
3817
1398
6244
6245
1407
1411
3831
1414
3835
6257
1417
6259
1418
3837
6262
3849
6277
1438
3858
1443
3863
3865
3870
1452
6293
1453
1455
3882
3886
3887
3889
1470
3890
6317
1478
3901
1483
6330
3910
1496
3917
1503
3923
1505
3925
6349
1510
1511
3931
3933
1516
3937
6358
3940
6363
3944
1525
3945
1533
1536
3957
6378
3958
3963
6388
1549
6390
1550
1551
1553
3973
3975
1556
3976
6398
6400
6402
3982
3984
3989
6411
6412
3991
1577
1579
3999
6422
1584
1585
4005
1587
4006
4010
6436
6440
1600
4022
1603
1604
4027
6449
6451
4031
1613
1614
6455
1615
6458
1619
6463
6464
6467
4049
4053
4054
6475
4061
4062
4063
4065
6490
1651
4072
6495
4079
6500
1660
6502
4082
1672
1674
4095
1679
4100
6520
6522
1680
1684
4109
4110
4112
1695
6536
1697
6540
1704
6546
4128
1709
1710
4134
4146
1728
1730
6572
1738
6580
1743
4165
1747
4172
6595
4176
1755
1765
4188
1769
4194
4198
4
22
175
1
115
