509
455
1472
2489
2485
445
1461
437
436
1457
2474
435
2472
1453
2470
433
432
1448
425
1446
424
2462
2461
2460
2457
2456
417
1434
2453
2452
413
2449
410
2447
2446
409
2444
405
400
1422
1421
1420
1418
2437
2436
398
1416
2433
389
388
1411
1407
1406
2426
2425
1405
2423
381
380
2418
1399
2416
377
2413
375
1392
1387
368
1385
364
2401
1382
362
1379
2396
359
357
1374
2392
2391
2390
1371
1370
1369
1367
2383
344
1359
1358
338
337
2373
335
334
1346
326
1343
1342
2360
321
318
2354
2349
311
309
307
1325
2343
304
1322
2338
299
2334
297
1314
293
1311
2328
291
1306
1304
1303
2321
283
2319
281
2317
1297
275
2304
267
2302
265
1282
1278
1274
2292
1266
243
239
237
1253
1248
2266
2265
227
2263
225
2259
1240
1237
1235
215
1231
2247
2246
1226
1220
2237
198
2235
1215
2233
194
191
2224
2223
1204
2221
1198
175
172
1189
2207
1188
2204
167
1184
1182
162
2198
159
2195
2193
1171
2190
1170
2188
147
1165
143
2178
1159
2176
1155
2172
2170
133
2168
2165
2160
1135
2155
2154
1133
2152
2151
114
2149
112
110
108
107
103
101
99
95
2131
2130
92
2126
2125
88
84
1103
1102
80
2116
2114
76
75
1092
73
71
69
2103
65
63
61
60
1080
1079
1077
2095
2093
55
1071
52
50
2086
45
2083
1064
2081
38
35
2071
1052
2066
1045
23
21
19
1040
18
17
16
2054
15
14
1033
1032
2045
5
1020
2039
2038
1016
1015
2031
2026
1006
1002
999
2017
2015
992
2008
988
2004
1997
1996
1994
966
962
960
1973
1971
952
950
949
946
1959
940
1955
934
1952
1950
930
922
1941
921
1939
917
1935
912
1928
1926
1925
905
1923
1915
896
884
875
1892
871
868
1885
866
864
859
856
847
1863
843
841
1859
840
834
1850
827
1845
823
1840
1828
1827
1824
1822
1819
1817
791
787
785
783
1801
782
1794
1788
1787
768
765
763
760
1778
1777
1768
1761
1760
739
738
1752
1751
732
729
724
720
1738
1736
1735
1733
710
1727
708
706
705
1717
1715
696
1712
1710
1708
689
686
685
684
1700
1699
1690
1688
1687
665
664
1677
1676
653
1667
642
1660
640
637
1656
1655
2673
633
2669
2664
1645
622
1641
2658
1639
2654
614
1631
612
610
607
2642
1621
2639
2636
2634
595
1609
2626
1605
2621
576
1593
2611
2610
1590
2604
2601
1579
559
558
2593
1574
548
2588
547
2586
544
542
2583
1563
1562
2580
1561
2578
2573
535
2571
2570
1549
525
523
1546
1544
2563
1543
1542
1541
2559
520
1537
516
1532
2549
510
1529
1527
2545
508
506
503
2538
497
1515
2533
1513
1511
1510
2525
484
2520
1501
2518
2517
480
2515
477
476
465
462
1481
1480
1479
5
33
21
78
37
55
