0 8 20 37 59 77 93 109 
1 114 
2 75 
3 7 8 18 37 48 111 
6 46 
7 18 48 111 
8 37 
9 20 77 
10 102 
11 8 37 
12 7 18 48 56 111 
13 105 
14 56 59 93 
17 76 
18 7 48 111 
19 36 
21 20 30 77 
22 8 37 
23 76 
26 36 
27 7 18 48 111 
28 36 76 
29 102 
31 2 8 37 75 102 
32 46 
33 5 
37 8 
38 20 
39 102 
41 36 
42 7 18 48 111 
44 76 102 
47 20 77 94 
48 7 18 111 
50 7 8 18 37 48 56 111 
51 36 
54 107 
55 7 18 48 111 
57 8 37 109 
58 7 8 18 37 48 102 111 
59 93 
60 102 
62 7 18 48 106 111 
63 5 76 
65 26 36 
67 56 102 
68 8 37 
69 102 
72 75 
77 20 
78 7 18 48 111 
79 7 18 48 111 
80 8 36 37 85 
81 13 105 
84 7 18 48 75 111 
85 8 37 
86 8 22 37 
87 8 37 85 
88 7 18 48 74 76 106 111 
90 2 8 34 37 75 
92 75 
94 20 
95 2 75 
96 20 
101 8 20 26 36 37 59 93 
104 102 
106 7 18 48 111 
108 26 36 102 
109 8 37 
110 7 18 36 48 106 111 
111 7 18 48 
113 26 36 
115 7 8 18 37 48 111 
