0 70 
3 70 
4 112 
14 52 123 
15 13 71 
16 70 
21 112 
22 124 
27 123 
29 70 
31 13 70 112 
38 70 71 123 
39 71 123 
40 123 
41 123 
43 70 
48 13 
50 112 
54 152 
55 13 71 
63 112 
74 70 123 
76 70 
79 13 52 
80 112 
82 71 
85 13 
87 70 
91 13 70 112 
95 13 
97 13 52 
98 13 
100 123 
101 52 70 
107 112 
108 13 70 
111 123 
113 13 
117 70 112 
118 112 
119 13 
127 123 
129 70 
131 70 
132 112 
136 112 
137 13 112 
138 152 
139 52 71 
140 13 
143 70 112 
145 13 
153 123 
157 70 123 
161 13 
165 70 123 
166 123 
169 70 
173 112 
176 112 
