3 43 320 
14 320 
15 136 151 
28 136 151 
30 43 
31 320 
34 43 
40 43 
42 89 
46 320 
75 90 
78 320 
81 320 
91 43 
92 43 
97 43 
99 320 
104 57 
105 320 
107 320 
108 136 151 
119 43 
127 43 
128 320 
151 136 
152 136 151 
164 43 
165 90 
171 320 
173 43 
180 90 
181 90 
184 320 
190 43 
195 320 
205 320 
206 43 
222 136 
236 136 151 
243 43 
250 57 
255 43 
256 320 
264 90 
269 43 
270 320 
274 43 
281 320 
288 43 
290 320 
294 43 
298 43 
306 90 136 165 
321 136 151 
322 320 
323 43 
326 320 
334 43 
335 194 
336 90 
343 320 
349 57 
352 136 151 
366 136 151 
369 320 
