0 222 306 320 
1 189 246 320 
3 216 223 340 
4 189 256 
9 51 
11 197 
13 25 95 96 212 
15 222 223 306 
16 216 222 223 246 
22 221 256 281 
25 95 96 
26 257 
29 222 264 306 
30 246 
31 39 
33 216 223 320 
35 216 223 
37 222 320 
40 25 95 96 212 341 
41 221 246 256 
42 222 306 
45 77 
46 216 223 
48 284 
54 284 
55 25 95 96 212 
56 189 222 
58 141 222 306 
59 320 
62 39 
64 256 
71 284 
72 216 223 257 
75 216 223 276 
76 256 294 
78 7 216 223 
80 320 
81 67 189 
82 135 
83 141 222 306 
84 246 
85 77 257 
86 222 320 
87 141 
94 320 
95 25 96 
96 25 95 
98 67 222 264 306 
99 189 
100 216 223 
106 135 222 306 
107 24 
110 221 256 
113 320 
114 88 
116 216 222 223 306 
120 246 
121 189 
122 216 223 
123 339 
124 246 
125 216 223 
126 141 
128 246 
130 216 223 284 
132 10 
136 216 223 
137 25 95 96 176 189 212 247 
139 320 
140 216 223 246 
148 216 223 320 
150 109 189 
151 246 
152 67 320 
153 222 
155 257 
157 216 223 284 
158 222 306 
160 189 222 340 
162 309 
163 13 25 95 96 212 298 
164 246 
165 320 
166 189 
167 320 340 
168 216 223 
172 216 223 320 
175 320 
176 25 95 96 189 
177 222 306 
178 246 
179 222 306 320 
180 222 306 
182 39 
185 221 256 
186 222 306 
188 24 284 320 
193 246 
198 77 340 
199 216 223 
200 189 
201 13 25 95 96 163 212 298 325 
204 216 223 284 
205 222 264 306 
206 108 216 223 
207 135 173 244 
208 67 320 
209 173 
210 257 284 
212 25 95 96 
213 246 
214 222 264 276 306 
215 141 284 
216 223 
217 88 284 
219 316 
221 256 
229 189 
232 222 
233 140 216 223 246 
234 284 
236 13 25 95 96 163 176 189 212 247 298 325 341 
237 189 246 
239 135 
240 216 222 223 306 
241 77 
243 173 244 278 279 319 
244 173 
247 25 95 96 176 189 212 
248 189 257 
249 216 222 223 306 
250 222 
251 222 306 320 
253 189 221 256 
258 246 
259 88 189 
261 216 223 
262 88 216 223 
264 222 
265 216 223 257 
267 7 140 189 216 223 246 
268 216 223 
269 108 
271 108 189 
272 189 312 
273 216 223 
274 173 216 222 223 244 278 279 306 319 
275 189 216 223 
278 173 244 
279 173 244 278 319 
281 22 221 256 
282 24 320 
283 224 
285 25 95 96 176 189 212 247 
286 216 222 223 306 
289 66 
290 135 189 246 
291 39 
294 256 
296 141 183 320 
298 13 25 95 96 163 212 
301 216 222 223 306 320 
302 222 306 
303 246 257 
305 246 
306 222 
308 235 
309 162 
312 189 
314 189 
319 173 244 278 
321 221 256 
323 216 223 242 
324 222 306 
325 13 25 95 96 163 212 298 
326 242 
327 189 246 
328 222 306 
329 222 246 306 
331 39 
332 189 
333 216 223 
335 246 
337 24 222 
338 216 223 
341 25 95 96 212 
