0 11 64 85 151 204 211 245 260 
1 289 
2 23 58 259 
3 38 
4 55 99 272 
5 74 151 211 260 
6 38 62 82 103 117 134 153 175 220 281 290 
8 39 177 
9 177 
10 215 
12 62 82 83 103 117 134 153 154 175 181 207 220 225 276 281 290 
13 63 107 138 156 185 241 
14 25 62 82 103 117 134 153 175 220 281 290 
15 62 82 103 117 134 153 156 175 220 241 281 290 
21 228 
22 11 204 245 259 
26 62 82 103 117 134 153 175 220 281 290 
27 62 82 103 117 134 151 153 175 179 211 220 260 270 281 290 
29 110 173 
30 29 110 173 233 267 
31 303 
32 12 62 82 83 103 105 117 134 153 154 175 181 207 220 225 276 281 290 
33 62 82 103 117 134 153 175 220 281 290 
34 29 110 173 233 267 
35 59 
36 11 204 228 245 
37 11 12 15 62 72 82 83 103 117 134 153 154 156 175 181 207 220 225 241 276 281 290 
39 177 
44 74 151 211 260 302 
45 302 
47 20 62 82 103 117 134 153 175 220 259 281 290 
53 223 254 
54 20 62 82 103 117 134 153 175 220 281 290 
57 38 74 151 211 260 
60 177 
61 11 20 62 82 84 103 117 134 153 175 204 220 245 259 281 290 
62 82 103 117 134 153 175 220 281 290 
65 62 72 82 103 117 134 151 153 175 179 211 220 260 270 281 290 
66 64 
67 62 82 103 106 117 134 153 175 220 281 289 290 
68 63 185 
69 105 
71 63 185 
72 62 82 103 117 134 153 175 220 281 290 
73 266 293 
74 151 211 260 
75 20 38 62 82 103 117 134 153 175 220 281 290 
76 15 62 82 103 117 134 153 156 175 220 241 256 281 290 291 
80 43 
81 173 
82 62 103 117 134 153 175 220 281 290 
83 12 62 82 103 117 134 153 154 175 181 207 220 225 276 281 290 
84 11 20 62 82 103 117 134 153 175 220 259 281 290 
86 62 74 82 103 108 117 134 151 153 175 179 210 211 220 260 270 281 290 
92 11 151 204 211 245 260 
94 12 26 62 82 83 103 117 134 153 154 173 175 181 207 220 225 276 281 290 
95 11 12 62 82 83 103 117 134 153 154 175 181 204 207 220 225 245 259 276 281 290 
96 256 291 
97 62 72 82 103 117 134 153 175 220 281 290 
98 156 241 
100 19 64 166 184 202 
101 171 
102 19 63 68 185 
103 62 82 117 134 153 175 220 281 290 
106 289 
108 62 74 82 103 117 134 151 153 175 179 211 220 260 270 281 290 
110 29 173 
111 12 20 38 57 62 74 82 83 103 108 117 134 147 151 153 154 175 179 181 207 211 220 225 260 268 270 276 281 290 
112 132 
115 12 62 74 82 83 103 108 117 134 151 153 154 175 179 181 207 210 211 220 225 260 270 276 281 290 
116 25 
117 62 82 103 134 153 175 220 281 290 
118 12 62 82 83 103 117 134 153 154 175 181 207 220 225 276 281 290 
119 302 
120 127 151 189 211 260 
121 20 62 82 103 117 134 153 175 220 281 290 
122 74 151 156 211 241 260 
127 189 
129 20 62 72 82 103 117 121 134 153 164 175 220 281 290 
131 62 82 99 103 117 134 153 175 220 281 290 
133 58 62 82 103 117 134 153 175 220 281 290 
134 62 82 103 117 153 175 220 281 290 
135 38 256 291 
136 12 20 62 74 82 83 103 108 117 121 134 151 153 154 175 179 181 207 211 220 225 260 268 270 276 281 290 
137 12 26 62 82 83 103 117 134 153 154 173 175 181 207 220 225 228 276 281 290 
138 63 156 241 
139 12 62 82 83 103 117 134 153 154 175 181 207 220 225 276 281 290 
140 64 
142 105 
144 11 132 204 245 
145 63 
146 35 59 272 
147 20 62 74 82 103 108 117 134 151 153 175 179 211 220 260 268 270 281 290 
148 256 291 
151 211 260 
152 190 247 
153 62 82 103 117 134 175 220 281 290 
154 12 62 82 83 103 117 134 153 175 181 207 220 225 276 281 290 
155 64 
156 241 
157 62 63 82 103 117 134 153 175 220 281 290 
162 62 74 82 103 108 117 134 151 153 175 179 211 220 260 270 281 290 
163 223 254 
164 20 
165 35 59 62 82 103 117 132 134 153 175 220 281 290 
166 184 202 
167 130 
168 63 68 185 190 247 
169 62 63 82 103 117 134 153 175 220 281 290 
170 62 82 103 117 134 153 175 220 281 290 
172 11 204 245 259 
174 59 
175 62 82 103 117 134 153 220 281 290 
176 64 66 292 
178 12 38 62 82 83 103 117 134 153 154 175 181 207 220 225 276 281 290 
179 62 82 103 117 134 151 153 175 211 220 260 270 281 290 
180 69 105 142 303 
181 12 62 82 83 103 117 134 153 154 175 207 220 225 276 281 290 
182 19 45 302 
183 62 74 82 99 103 108 117 131 134 151 153 175 179 211 220 260 270 281 290 
184 202 
185 63 
186 64 
187 151 156 211 241 260 
189 127 
190 247 
191 62 82 103 117 134 153 175 220 281 290 297 
192 12 15 62 82 83 103 117 134 153 154 156 175 177 181 207 220 225 241 276 281 290 
193 11 62 82 103 117 134 151 153 175 179 204 211 220 245 260 270 281 290 
195 64 
198 12 62 74 82 83 103 108 117 134 151 153 154 175 179 181 207 211 220 225 260 270 276 281 290 
199 63 68 185 
200 19 
201 11 62 72 82 103 117 134 153 175 220 266 281 290 293 
202 184 
203 130 
204 11 245 
205 12 62 82 83 99 103 117 134 153 154 175 181 207 220 225 276 281 290 
206 275 
207 12 62 82 83 103 117 134 153 154 175 181 220 225 276 281 290 
208 156 241 
210 62 74 82 103 108 117 134 151 153 175 179 211 220 260 270 281 290 
211 151 260 
212 132 
213 39 177 
216 130 203 
217 272 
219 38 59 184 202 
220 62 82 103 117 134 153 175 281 290 
221 156 241 
223 254 
224 62 82 103 117 134 153 175 220 281 290 
225 12 62 82 83 103 117 134 153 154 175 181 207 220 276 281 290 
226 62 64 82 103 117 134 153 175 220 281 290 
230 20 74 151 211 260 268 
231 23 62 82 103 117 134 153 175 220 281 290 
232 38 301 
233 29 110 173 267 
236 20 62 82 103 117 134 153 175 220 259 281 290 
237 74 85 151 211 260 271 
238 62 82 103 117 134 153 175 220 281 290 
239 20 62 82 103 117 134 153 175 220 281 290 
240 151 211 260 
241 156 
242 177 
243 107 151 211 260 
244 130 203 
245 11 204 
246 63 
247 190 
248 11 12 38 62 74 82 83 103 108 117 134 151 153 154 175 179 181 207 211 220 225 259 260 270 276 281 290 300 
251 26 62 74 82 103 108 117 134 151 153 175 179 210 211 220 260 270 281 285 290 
252 288 
253 288 
254 223 
255 190 247 
256 291 
257 15 23 62 74 82 103 108 117 134 151 153 156 175 179 210 211 220 241 260 270 281 290 
258 132 151 211 260 
260 151 211 
264 12 62 82 83 103 117 134 153 154 175 181 207 220 225 276 281 290 
265 11 20 74 151 204 211 245 259 260 268 
266 293 
267 29 110 173 
268 20 151 211 260 
270 62 82 103 117 134 151 153 175 179 211 220 260 281 290 
271 74 151 211 260 
273 171 
274 12 26 62 72 82 83 99 103 117 134 153 154 175 181 207 220 225 256 276 281 290 291 
275 206 
276 12 62 82 83 103 117 134 153 154 175 181 207 220 225 281 290 
277 177 
278 177 
280 43 
281 62 82 103 117 134 153 175 220 290 
282 12 62 82 83 103 117 134 143 153 154 175 181 207 220 225 276 281 290 
283 62 74 82 103 108 117 134 151 153 175 179 210 211 220 259 260 270 271 272 281 290 
285 151 211 260 
290 62 82 103 117 134 153 175 220 281 
291 256 
293 266 
295 107 132 
298 12 15 26 62 82 83 103 117 134 153 154 156 175 181 207 220 225 241 276 281 290 
299 64 223 254 
300 38 62 82 103 117 134 151 153 175 179 211 220 260 270 281 290 
