0 51 71 
1 3 21 25 34 85 
2 3 5 24 25 34 68 82 89 
7 8 65 87 
8 65 87 
13 41 63 
14 31 
18 40 59 
19 5 40 49 59 
21 3 25 34 85 
23 8 15 52 65 87 
24 89 
25 3 34 
26 49 
28 17 73 
29 84 
30 26 42 49 
31 14 
33 6 
34 3 25 
35 8 65 68 82 87 
36 9 
37 29 84 
38 5 
40 59 
41 13 63 
44 40 57 59 73 
45 47 
48 56 
50 79 
52 8 65 87 
53 73 
54 62 
55 14 24 31 89 
57 73 
58 78 
60 29 84 
63 13 41 
64 15 57 73 
66 8 65 73 87 
70 4 
71 51 
72 22 51 71 
74 65 78 
75 17 57 61 73 79 
81 3 21 25 34 85 
82 68 
85 3 25 34 
86 73 
87 8 65 
88 39 
89 24 
