0 7 14 
1 6 11 15 17 18 21 25 26 27 
2 23 
4 1 6 11 15 17 18 21 25 26 27 
5 1 4 6 11 15 17 18 19 20 21 22 24 25 26 27 28 29 
6 11 15 17 
7 14 
8 12 16 
9 1 4 5 6 11 13 15 17 18 19 20 21 22 24 25 26 27 28 29 31 
10 7 14 
11 17 
13 1 4 5 6 11 15 17 18 19 20 21 22 24 25 26 27 28 29 
15 6 11 17 
16 12 
17 11 
18 1 6 11 15 17 21 25 26 27 
19 1 4 6 11 15 17 18 21 25 26 27 
20 1 4 6 11 15 17 18 19 21 24 25 26 27 
21 1 6 11 15 17 18 25 26 27 
22 1 4 6 11 15 17 18 19 20 21 24 25 26 27 
24 1 4 6 11 15 17 18 19 20 21 25 26 27 
25 6 11 15 17 
26 1 6 11 15 17 18 21 25 27 
27 6 11 15 17 25 
28 1 4 5 6 11 15 17 18 19 20 21 22 24 25 26 27 29 
29 1 4 5 6 11 15 17 18 19 20 21 22 24 25 26 27 28 
30 1 4 5 6 9 11 13 15 17 18 19 20 21 22 24 25 26 27 28 29 31 
31 1 4 5 6 11 13 15 17 18 19 20 21 22 24 25 26 27 28 29 
