500
4864
7868
8872
3879
1880
9882
8884
4884
8893
8895
6896
5895
5897
6899
1906
4907
3907
9909
4909
2910
4915
9916
7917
6916
9919
6918
4916
918
9926
2933
8934
4936
7937
7942
943
1946
5947
2948
8953
8954
4953
5963
3965
1969
8970
4973
7974
6974
974
7981
2982
4985
985
1991
3996
3997
7000
2
5003
9009
7009
6009
4011
1013
5016
3017
10019
5021
8027
6029
30
2029
33
7034
36
10036
1040
9041
7042
3041
2042
1046
10046
2048
3047
2051
5055
4056
57
5061
1062
6063
6064
4064
9066
2070
10070
10071
9070
5072
2075
9076
6076
4073
4078
3081
1081
3083
10082
8082
6081
9087
88
10088
3090
10091
7087
3093
5084
6097
3098
2098
1099
3101
6103
5103
5107
4108
10109
5108
4111
3111
10112
10114
1116
10118
3119
120
3123
2127
10128
1129
9131
3132
5134
3134
6134
4139
4140
2140
9139
9142
3148
6151
1151
10151
1156
167
168
10168
4175
2175
4178
2183
184
8184
5188
2188
4191
3195
6197
4199
7204
5207
9207
9208
210
8214
3214
9216
3216
1220
2222
3224
10226
7229
5230
6233
8234
4234
4235
8237
2237
7239
2240
1235
10242
8248
7251
10252
8252
4251
4254
7256
1256
253
259
260
5261
3265
8266
9267
6268
3267
2270
1268
10272
2272
1272
10276
9277
3278
8279
6281
2283
8291
8294
6296
4298
1298
6301
3301
3302
9304
5306
10307
4306
2306
1310
3311
3319
10321
6322
7323
10324
9325
9326
5321
2326
2329
7330
3330
2332
8334
3335
335
9337
1337
338
6342
2346
6348
5349
5351
6352
7354
9357
9361
3363
5365
4366
6372
374
3378
7382
3383
5385
9387
387
5389
5390
7391
389
8395
6398
4402
1405
8407
5408
7410
9414
3415
8421
9422
9423
6422
6425
5421
9427
5426
3421
9431
435
7441
4441
9445
449
9452
6453
6457
4459
3463
9468
4468
6471
9472
9475
4477
4478
478
5480
1480
6482
9486
9488
8488
8490
492
5494
4494
8499
499
5502
6506
5516
9517
2517
1524
8525
527
2530
3531
4532
8534
8536
537
2542
5547
9550
9558
6558
561
5562
562
6565
6566
6567
7568
8569
4567
2567
2570
1573
570
7576
8577
7579
4579
7583
3587
588
1589
9590
8590
9592
2592
6594
2594
594
8597
9599
5600
3600
2599
3612
9613
5615
5616
3618
2619
1619
4622
5625
2625
625
5628
1628
1630
8631
6631
5631
3637
5639
643
2644
9645
4645
7648
9649
5648
4652
2652
1654
5656
9661
8661
4664
7665
7666
8674
7681
5682
9683
5684
4683
8686
2692
5694
3695
6696
698
9701
9703
3703
7706
3709
5712
2715
1717
3718
3719
8721
7724
3724
1725
9728
3730
8731
4734
8741
4742
2743
1745
1749
2752
7756
6760
4760
761
2763
8765
768
6771
8772
3773
9779
4780
2779
782
8783
7787
4791
8792
7798
3799
9801
2801
1801
4806
6816
7819
5819
8823
1826
830
5832
1841
8844
6847
9849
9852
4854
7855
2854
7858
9860
4860
7862
6863
7864
1
0
