1307
4833
7443
7442
4828
7441
7436
4821
7433
7431
7430
2203
2202
7429
4814
4805
7418
4803
7416
2187
7412
7408
4789
4787
2170
4783
2168
7394
4776
2162
4770
2156
7383
2149
7373
4759
7366
2142
4755
4754
4752
4751
2137
7362
4747
7356
7354
7353
4739
7347
7346
4725
4724
7335
7334
7333
7332
4713
7323
2094
4698
7308
4695
4693
2079
7306
4690
4689
7300
7298
4685
2070
7289
4675
2062
2061
7284
7283
4669
4666
7278
2046
2042
7266
2036
4649
2034
7261
7260
4645
2030
7255
4637
2019
2016
4630
2015
4628
4622
2006
2001
4613
1997
1996
1995
7223
1993
1987
7214
7212
7209
4589
7201
1971
7198
1966
7194
4580
1964
1962
7184
4560
4559
7172
4557
1938
7165
7163
4548
7161
1930
7155
1925
4536
1920
4534
1917
4532
7145
1915
4529
7134
7126
4510
1895
1894
4507
7119
7118
7116
1886
4499
4497
4495
7108
7103
4485
4481
4477
7083
1854
1848
7074
7073
4456
1841
1840
1839
1835
7063
1833
7060
4442
7053
7052
1819
1818
1814
4432
4431
4430
7043
4428
1811
7039
1807
1803
7030
7029
1800
1797
4410
1789
7019
4404
7016
4402
1786
1785
4396
1780
7008
7004
7000
4386
4385
4384
6997
1766
4377
1761
1759
6986
1757
1753
4367
6968
6967
6966
4353
4352
1736
6962
6961
4345
6957
4341
1723
1722
4335
1719
1716
1715
1713
1712
4321
6931
1701
1699
6926
6919
1690
6913
1684
4296
6909
4294
6907
6906
6905
6902
1672
4281
4278
6890
1661
1658
1657
6885
4271
6884
6883
4264
1644
4258
6870
1638
6867
6865
4251
1633
6858
1629
6856
1626
4240
1625
6852
4236
6849
6848
1618
6843
4226
4225
6836
4221
6834
1603
4216
1598
4211
4209
4206
1591
6812
4198
6809
1580
6805
4191
1574
1571
6798
4183
4180
6792
4178
4176
6788
1553
1552
6780
1550
4164
6776
6775
1541
4154
6765
1527
4145
4144
1525
6756
6755
4140
6753
1524
4133
4125
4122
1507
6734
1503
4117
1502
6726
6725
4111
1493
1488
4102
6715
4100
6711
4094
1481
1480
1476
1474
6702
6700
4085
6692
4076
6689
6686
6684
1454
4065
1452
6679
4064
6675
6674
6673
6672
4054
4052
1440
4051
1437
6665
6663
1431
6657
1426
4033
6648
6647
6636
4020
1403
1399
6627
4006
4002
6616
3997
6611
1377
6603
3982
3972
1357
6583
1352
6580
6579
6578
6577
1345
6571
3952
1338
3950
1336
3947
1334
1333
6556
1318
1316
3929
3927
6541
3924
1308
1306
6526
1297
3910
3909
1293
6519
6518
3903
1286
3898
3895
3894
3892
3891
1276
1275
1273
6500
3881
6489
3874
3871
1256
3867
1254
1252
6480
6479
3861
3859
6473
3856
3854
6466
3850
3849
3848
1234
3844
1231
1229
1228
6457
6456
1226
1224
3836
1222
6449
3832
1216
1214
6438
3817
6428
1198
1195
6422
1192
1191
6419
3801
3800
1186
1183
6411
3794
3791
3790
1173
6401
1170
6394
3779
1164
6389
6387
6386
3768
6381
1152
3755
6365
3745
3742
3741
1122
1120
1119
1114
1112
6340
1110
6338
1108
3717
1104
3716
1102
1097
3709
6323
6321
6319
6318
6314
3692
3690
1076
6301
3684
3679
3678
1064
1062
3674
1060
6285
3667
6280
6276
1046
6271
6270
6269
3651
1036
3649
3645
3644
6256
6253
3637
6251
1022
6247
3631
3629
3623
6238
1009
1007
6230
3615
999
3610
6222
988
6216
986
6213
979
977
6204
6200
970
6197
966
965
3578
963
961
6189
959
955
3568
3566
6176
6175
3559
3558
942
3555
3553
939
938
937
3547
935
934
3545
932
931
928
3541
6153
921
915
6139
910
3521
6133
3512
897
3509
895
894
3507
3505
3498
3497
883
6108
3492
6104
876
3488
874
3485
866
3479
864
859
3470
854
3467
6080
6077
6075
3462
847
6072
842
3450
838
837
836
835
6062
3445
6058
6055
6054
3438
825
824
6050
6047
6044
6040
809
6036
6029
6024
795
6018
784
3397
6009
776
775
774
6001
6000
767
3378
5986
3369
3367
3366
5978
3362
745
5971
3357
5970
741
5967
5961
733
731
3340
724
3335
5947
3333
5945
3331
3329
715
714
5940
712
710
3322
708
5930
5926
3311
5922
5917
674
672
3285
5898
669
3281
3280
660
5886
5885
5884
3269
655
3263
647
645
644
3256
3254
639
637
5861
5859
629
5856
5853
625
624
5848
5846
5845
619
618
617
3230
3224
5837
3221
3217
3216
5823
3210
595
5822
3204
5816
3200
5812
584
581
5808
5805
5804
3191
576
3189
573
5800
3184
3177
3175
3174
556
554
552
5779
550
5777
5768
3156
541
5767
5766
3152
3150
5763
533
3143
8371
3140
8365
522
8363
5748
5745
5744
3127
5740
5739
5736
508
8349
8347
504
503
5726
5725
3111
3101
8330
487
3099
8326
5709
3095
3094
479
5705
8319
5704
475
8316
8314
470
468
3081
8308
5690
3070
8297
3068
3067
5677
8292
448
8290
5671
8287
5670
443
8284
5668
439
8277
5661
8275
432
431
5655
5653
8267
422
420
5642
414
8256
3027
411
5635
8250
5633
406
3019
8245
5628
8240
5625
3010
3008
394
3007
8234
391
5618
5616
5614
3000
8227
5612
383
5609
8223
5606
2993
5605
377
8216
2987
5599
2985
8211
8210
365
8206
5587
2971
357
356
353
5580
8189
2961
2959
2958
2955
2954
2953
338
5564
8176
333
5560
2944
329
2934
8161
315
8154
8152
5538
5537
5536
308
8148
8145
305
5531
303
2913
299
298
2911
5519
2907
2906
2905
8131
5516
2901
5514
8126
2898
8124
2895
281
8116
269
5496
5495
8107
2879
2875
261
2870
8095
254
2867
2866
248
8084
246
8082
244
243
8081
5469
5467
2853
2850
8076
2847
233
232
228
2841
5454
8066
2838
222
219
5445
2829
213
8054
8052
210
2822
206
8047
204
8042
8031
201
5426
199
198
5425
5419
2808
194
5417
2805
2804
190
2803
8029
2801
185
181
2793
176
175
8014
2786
2783
8010
8009
158
5385
2770
7995
7993
153
7991
5376
5374
2763
2762
2760
146
5372
5371
7981
140
2753
137
5364
135
2747
7974
7971
7969
5355
2741
2740
7966
5345
5343
7953
7951
2726
7948
110
5334
108
2721
2720
103
102
7942
2714
5327
7938
7936
96
5323
94
93
5320
7931
2703
89
5310
5309
81
7921
2693
7912
71
7907
5297
2682
5293
66
2678
64
2672
7898
7896
54
5280
5276
2663
49
2662
7886
5272
5268
5267
40
39
5264
5261
2649
2648
2647
7873
7872
27
2638
22
2634
5246
2630
5241
5239
10
7846
5235
6
2619
2618
5231
2
5229
7841
5226
5221
5215
5212
5211
2597
2596
5204
7817
7815
2587
7812
7810
2582
7806
2576
5189
5188
2573
5186
5184
2570
7797
7796
5177
2563
7789
5175
7785
2556
5169
5165
7778
2549
2547
2546
2538
7759
5144
5143
2529
7752
5140
5138
2524
7740
2512
2510
5123
7734
5118
5113
5104
5102
2487
2484
2482
2478
7701
5089
5088
5087
2472
2471
2470
7691
2464
5077
2462
2461
5074
5073
5068
2456
2455
5067
2453
5066
7677
2449
5054
5049
5041
2427
7652
5038
7647
7646
7639
7638
5022
2405
2404
5017
7630
7629
2400
5010
7622
7617
5004
7616
5002
2387
2386
7607
7606
4990
4989
4987
4986
2372
4983
4972
2357
7584
4967
2354
2353
4966
2351
7576
2345
2344
2335
4947
7560
4945
7558
2329
4942
7554
7553
7552
2324
4937
7550
2320
7546
4931
2316
4925
4924
4923
2309
4922
7535
4920
7533
2302
2300
2298
7517
4902
7510
7509
7507
4893
4891
7502
7500
4882
7492
2257
2254
4866
2251
7477
2249
2246
4859
4857
7468
2239
7466
4851
2235
2233
7455
4840
7453
13
124
253
69
9
31
343
314
26
311
77
389
128
101
