1201
3722
3720
6121
6119
3717
1311
6113
6112
6104
1303
6103
3703
3702
1299
3699
1296
1295
1291
3689
6089
1281
1280
1278
6078
1272
3672
1269
6070
3666
3665
3663
1261
6062
6058
6057
1249
6048
3647
1245
1244
1239
6041
6038
3628
6028
1221
3619
1214
6011
3606
3602
1195
3596
1193
1191
1190
3586
5986
5978
3576
1176
1175
1174
5977
1172
1170
5972
3563
1161
3560
5956
1153
1152
1146
5948
3544
5941
1135
5937
5935
5934
3531
1129
5930
3526
3519
1117
3518
5917
5916
8316
3504
1102
3501
8305
5900
1097
8302
3497
8297
8294
1086
5887
1081
5880
8282
5878
1074
3474
3472
3470
1067
8272
5867
3464
5864
3462
8264
5860
1056
8261
5856
1052
1051
8257
3452
8254
8252
3447
1041
8242
5839
1033
8239
5834
1029
3430
1026
3427
5826
3423
8228
8227
1018
1017
8223
5819
5813
5812
3410
5811
5809
1005
8210
8207
8206
8202
993
992
989
988
8193
5789
5787
3385
5786
3383
8185
8184
8179
8177
3376
5775
972
5774
5773
3371
8173
964
5767
959
5760
3354
5754
5753
5752
8152
5747
3345
5743
8141
8139
5733
3332
3331
5728
3319
917
916
5719
8118
912
5713
909
8110
5710
905
904
8109
8106
5697
5692
3290
8088
3286
3285
3284
881
3278
8076
868
5668
3263
5661
3259
8062
854
8059
8057
5655
8056
846
3247
844
3243
8044
839
8043
5641
8042
8041
833
3233
8036
5631
5630
827
3228
8031
5626
3225
822
3223
5622
3220
8020
5615
5612
8012
804
3204
3199
8002
8001
7996
788
785
5585
3182
3179
5578
5576
5575
771
7973
766
5568
764
3164
761
5564
7960
7959
752
3152
748
7952
5549
5548
744
3144
7946
3142
7944
7943
3133
7935
729
3130
3128
726
7931
3126
7927
7925
7922
5524
3121
718
5521
5520
5519
5516
7917
7916
3108
5505
701
699
3100
7901
3095
5492
688
5491
3084
683
682
7883
676
675
5466
3063
661
5462
3058
5457
3053
7855
5453
645
5448
7847
7846
3042
640
7844
7841
3039
7839
635
634
633
632
631
623
3023
3021
617
616
5419
613
5414
5413
609
7814
5409
605
7806
603
5404
3002
600
5402
5400
596
2996
7798
2993
2992
5392
588
587
2980
7777
5375
570
7774
7773
2968
566
5365
2960
2956
555
554
5356
7753
5351
5348
7749
7746
537
7742
7741
5332
7732
7729
525
7723
5323
5320
5319
2922
519
2919
2917
516
2916
514
7719
2910
7713
5306
2903
7704
7700
5300
497
496
7699
2896
493
7697
487
486
2886
7689
2884
480
479
7684
2878
7678
5276
7677
468
467
7670
464
5265
5264
2861
7663
5261
7659
2850
7651
5245
2845
2844
2843
7644
2839
436
5238
7634
2832
7633
5231
427
7630
422
2823
7621
5219
2819
416
2817
2816
7617
2811
7614
5211
7612
2807
7609
5207
5204
7603
7602
2799
396
392
2793
7593
5191
2789
385
7590
2781
7583
7577
2774
2773
7576
5171
7571
360
7564
5160
5159
2755
5154
5150
5141
7538
5134
326
2721
7522
5120
312
7516
309
7510
7508
5103
2700
297
5098
5097
293
290
5093
2690
7489
5087
5081
279
2680
2679
7479
5078
2676
5076
2674
7475
269
266
265
5066
261
2662
7463
7461
5059
254
7457
2652
249
7453
5050
5049
5048
5046
2641
239
7439
2635
2634
7430
7429
2625
223
7422
2617
2615
7416
2613
7414
2611
5011
2609
2608
2607
7409
7407
7406
2596
194
4996
192
7397
4993
187
2588
185
7389
183
4985
7382
177
7381
7380
2576
4977
7378
171
167
4970
4969
7368
162
4965
4964
2559
7361
4958
4957
153
150
149
148
2549
143
2544
7344
4938
7338
7336
4935
2532
7334
4929
4928
4927
2524
2521
119
7323
7322
7321
7319
7318
110
2505
2503
7303
7299
4894
2492
7294
4892
2489
86
4889
7286
2485
4885
2483
7284
4882
78
4881
71
2469
2468
7268
7265
7262
2458
2456
7257
2452
4853
7252
2448
2444
37
7237
34
4836
32
31
4833
7233
7229
24
23
7228
4825
2422
2419
7222
7219
7213
7212
2413
2412
7210
7208
4808
4807
4805
2406
4804
2402
1
0
2399
7201
7199
2395
2394
2392
4791
2389
4789
2387
7190
2383
7186
7184
7182
7181
2373
7175
7173
7171
4767
4765
2363
4764
4761
4759
2357
7157
4755
7156
4751
4750
2346
4744
4741
7135
2332
2331
7134
4731
4727
2323
2322
7125
4716
2311
2309
2307
7109
2299
7102
4698
2296
2295
4694
4689
4686
2282
4682
7078
4669
4668
4665
2264
2263
7061
7060
2255
7058
2252
4647
7048
4637
4633
4630
2227
2225
7028
4625
7026
2221
2219
2215
7010
4614
2211
2210
4611
2208
7009
4608
2205
7005
2199
2197
2190
4585
6984
6983
4581
4575
6976
4571
4569
2168
2167
6967
6965
6962
2159
4560
2157
2154
6953
4551
6951
2145
4546
6941
4535
2133
2132
6934
6930
2129
6929
4528
2126
6928
2124
2123
6925
4523
6919
2115
4516
2111
6909
4511
4510
4509
6907
4505
2104
2103
4504
4495
4492
2087
2085
4486
6883
4483
4482
4481
2075
2074
6875
4473
6871
6870
4468
2066
2064
2063
6865
2058
2057
4458
6853
2046
6849
2039
4436
2032
2031
4432
2028
6831
6830
4428
2024
6821
2014
4415
2009
2003
6805
1997
6800
1994
1993
4393
1987
6790
6784
6783
6780
1973
4373
1970
6771
4369
1966
1965
1963
4361
6762
1952
6755
1947
1946
6752
6750
4348
1944
1940
6745
6743
4341
6737
6731
4328
6728
6727
6726
1919
6721
4317
4312
6706
4301
6701
6700
4297
4296
1888
4288
1885
6686
4282
1878
6679
6676
1871
4272
6672
1864
1862
1858
1856
6659
4255
4254
4252
1845
1842
4241
1836
1835
1831
6635
4232
6633
6629
6627
4223
1819
6621
4217
1813
4215
1811
4213
1809
4209
1803
4198
1791
4194
6595
1789
4188
1778
6580
4176
1773
4172
1769
6572
1765
4165
1755
1747
4146
1743
6546
1738
6540
4134
1728
4128
6522
6520
1710
4112
1709
4110
4109
1704
6502
4100
1697
6500
1695
1694
4095
6495
4088
6490
1684
4082
1680
1679
4079
1672
6475
4072
4065
4063
4062
6467
4061
1660
6464
6463
6461
4054
6458
4053
1651
6455
4049
6451
6449
6440
6436
4031
1627
4027
4022
1619
6422
1615
1614
1613
4010
6412
6411
4006
4005
1604
1603
1600
6402
3999
6400
6398
3991
3989
1587
6390
1585
1584
3984
3982
1579
1577
3976
6378
3975
3973
3963
6363
3958
1556
3957
6358
1553
1551
1550
1549
6349
3945
3944
3940
1536
3937
1533
3933
3931
6330
1525
3925
3923
1520
1516
3917
6317
1511
1510
3910
1505
1503
3901
1496
6293
3890
3889
3887
1483
3882
1478
6277
1470
3870
3865
3863
6262
3858
1455
6259
1453
6257
1452
3849
1443
6245
6244
1438
3837
3835
3831
6227
1418
6222
1417
3817
1414
6218
3813
1411
3811
1407
3808
6209
3804
6204
1398
3799
6200
6199
6194
6193
6191
3788
3786
1384
3785
3782
3781
1377
6180
6177
3771
3767
1360
6160
1355
3755
1353
1342
3743
6142
6140
3738
3734
1330
3731
3730
1327
4
115
1
175
22
