500
8237
1235
4235
4234
6233
5230
7229
10226
3224
2222
1220
3216
5217
9216
3214
8214
3212
210
9208
9207
5207
7204
4199
6197
3195
5193
4191
2188
5188
8184
184
2183
4178
2175
4175
10168
168
167
1156
10151
1151
3151
6151
3148
9142
9139
4140
4139
6134
3134
5134
3132
9131
1129
10128
2127
125
9123
3123
120
3119
1116
10114
10112
3111
10109
5108
5107
6103
3101
1099
2098
6097
5084
3093
7087
10091
3090
10088
88
9087
6081
8082
10082
3083
1081
3081
4078
4073
6076
9076
2075
5072
9070
10071
10070
2070
8069
9066
4064
6064
6063
1062
5061
57
4056
5055
2051
2048
3047
1046
2042
3041
7042
9041
1040
10036
36
33
2029
7030
30
6029
8027
5021
10019
3017
5016
1013
4011
6009
7009
9009
2003
2
7000
998
3997
4996
1991
985
4985
2982
7981
8980
974
6974
7974
4973
8970
1969
3965
5963
4953
8954
8953
2948
5947
1946
3944
943
7942
937
7937
936
8934
2933
9926
918
4916
9919
6918
7917
9916
4915
2910
4909
9909
3907
4907
1906
6899
5897
5895
6896
8895
8893
8884
9882
1880
3879
7868
4864
7864
7862
4860
9860
7858
2854
7855
4854
9852
9849
6847
8844
1841
5832
830
1826
8823
5819
7819
6816
4806
1801
2801
9801
3799
7798
8792
4791
7787
8783
782
2779
4780
9779
3773
8772
6771
768
8765
2764
2763
761
4760
6760
7756
3754
2752
1749
1745
2743
4742
8741
4734
4731
8731
3730
9728
1725
3724
7724
8721
3719
1717
2715
5712
7706
3703
9701
6696
3695
5694
2692
8686
4683
5684
9683
5682
7681
8674
2669
7666
7665
8665
9661
8660
1654
2652
4652
5648
9649
7648
1647
4645
9645
2644
643
5639
3637
3633
5631
6631
8631
1630
1628
5628
625
2625
5625
4622
1619
2619
5619
3618
5616
5615
1612
9613
3612
2599
3600
5600
9599
8597
594
2594
6594
2592
9592
9590
1589
588
3587
4579
7579
8577
7576
1573
570
2570
2567
4567
7568
6567
6566
561
5562
2561
6558
9558
9550
5547
2542
537
8534
4532
3531
2530
527
8525
1524
9522
2517
9517
5516
6506
5502
499
8499
4494
5494
492
8490
8488
9488
9486
6482
1480
5480
478
4477
9475
1471
9472
6471
4468
9468
3463
4459
6457
6453
9452
449
9445
4441
7441
435
9431
3421
5426
9427
5421
6425
6422
9423
9422
8421
3415
9414
7410
5408
8407
1405
4402
6398
8395
389
7391
5390
5389
387
9387
5385
3383
7382
4379
3378
7375
374
6372
4366
5365
3363
9361
9357
7354
6352
5351
5349
6348
6342
338
1337
9337
335
3335
8334
2332
3330
7330
2329
2326
5321
9326
9325
10324
7323
6322
10321
3319
3311
1310
2306
4306
10307
5306
9304
3302
3301
6301
1298
4298
297
6296
8294
8291
2283
6281
8279
9277
10276
1272
2272
10272
1268
2270
3267
6268
9267
8266
3265
5261
260
253
1256
4254
7256
4251
7251
8252
10252
9251
8248
6246
10242
2240
7239
2237
1
0
