342
413
412
406
404
402
400
399
398
394
393
389
385
384
380
378
375
369
368
367
366
363
360
359
358
355
352
349
348
345
344
341
1026
1025
340
1020
335
1016
1014
330
329
327
326
1008
1007
323
1005
315
314
313
996
992
991
309
308
307
990
989
302
301
983
299
296
979
976
974
292
291
972
289
288
968
285
284
283
281
956
273
272
269
268
267
266
265
264
947
945
259
941
939
255
251
934
929
245
244
927
238
237
234
915
232
231
230
227
226
223
221
220
903
217
897
896
212
893
892
208
891
890
205
885
201
199
880
879
877
193
188
869
867
185
184
865
862
861
180
179
178
177
860
175
174
852
850
848
164
160
159
842
157
155
838
153
150
833
826
825
824
140
138
820
818
134
132
815
813
812
126
124
804
120
802
118
799
112
111
110
109
107
789
105
788
99
776
774
91
90
89
86
769
768
764
82
81
763
79
759
755
754
70
753
750
66
749
747
746
743
60
742
741
57
56
738
54
50
732
731
730
46
729
726
725
39
722
36
716
714
713
31
30
29
712
709
25
708
23
22
20
699
696
11
10
9
6
5
688
1
0
683
682
678
675
673
672
671
667
660
659
658
656
653
652
651
650
648
642
640
638
636
632
631
630
627
620
611
607
606
603
601
598
588
586
585
583
582
577
576
572
571
563
560
559
558
553
552
547
542
540
539
538
528
527
520
518
515
514
513
510
509
507
504
501
499
498
495
493
491
488
480
476
474
472
470
469
468
464
461
455
452
451
450
448
445
443
439
436
435
433
431
429
424
423
419
87
278
277
101
100
99
90
264
263
87
259
258
83
79
248
69
68
240
66
239
238
63
55
54
53
223
46
215
35
34
207
31
202
372
200
199
370
23
369
21
20
365
188
10
182
8
6
179
352
351
349
1
169
168
164
336
334
160
331
157
155
323
146
145
142
314
312
139
138
136
308
307
128
301
124
298
123
296
117
115
114
290
113
288
287
112
109
280
