1313
8042
5417
5419
8047
5425
5426
175
176
2801
2803
2804
2805
181
2808
8052
8054
185
8066
190
5445
194
2822
198
8076
201
5454
2829
204
8081
206
8082
8084
210
2838
213
2841
5467
5469
8095
219
2847
222
2850
2853
228
8107
232
233
8116
2866
2867
242
243
244
2870
246
5495
248
2875
5496
8124
8126
2879
254
8131
261
5514
263
5516
5519
8145
269
2895
2898
274
2901
8152
8154
2905
2906
281
2907
5531
5536
2911
5537
2913
5538
8161
298
299
8176
303
305
308
2934
5560
8189
5564
315
2944
2953
8206
329
2954
2955
8210
8211
333
2958
2959
2961
8216
338
5580
5587
8223
2971
5599
8227
2976
353
5605
5606
8234
356
357
2985
5609
2987
8240
5612
5614
365
5616
8245
2993
5618
8250
5625
3000
5628
377
8256
3004
3007
3008
383
3010
5633
5635
8267
3016
391
5642
3019
394
5648
8275
8277
3027
5653
5655
8284
406
8287
5661
411
8290
8292
414
5668
5670
5671
420
422
5677
427
8308
431
432
8314
8316
439
5690
8319
3067
443
3068
3070
448
8330
5704
5705
3081
5709
468
8347
470
8349
3094
3095
3099
475
3101
5722
5725
479
5726
5736
8363
3111
8365
487
5739
5740
5744
8371
5745
5748
499
3126
3127
503
504
508
5763
3140
5766
5767
3143
5768
522
3150
5777
3152
5779
3156
533
541
3174
3175
550
3177
552
5804
554
5805
556
5808
3184
5812
3189
5816
3191
5822
5823
573
3200
576
3204
581
584
3210
5837
3216
3217
5845
5846
595
3221
5848
3224
3230
5856
5859
5861
617
618
619
624
625
3254
629
3256
5884
5885
5886
637
3263
639
3269
644
645
5898
647
5899
3280
655
3281
3285
5917
669
5922
672
674
5926
5930
3311
5940
5945
5947
3322
3329
3331
3333
708
3335
710
5961
712
714
715
3340
5967
5970
5971
724
5978
731
732
733
3357
5986
3362
737
3366
741
3367
3369
745
6000
6001
3378
6009
6018
767
3397
6024
774
775
776
6029
784
6036
6040
6044
795
6050
6054
6055
6058
809
6062
812
3438
3445
6072
6075
824
825
3450
6077
6080
829
3460
835
836
837
838
3462
3467
842
3470
847
6104
3479
854
6108
859
3485
6111
3488
864
866
3492
3497
3498
874
876
3507
883
3509
3512
6139
3519
894
895
3521
897
6153
910
915
3541
3545
3547
6175
6176
3553
928
3555
931
932
3558
934
935
3559
6189
937
938
939
3566
942
3568
6197
6204
3578
955
959
6213
961
963
6216
965
966
6222
970
977
6230
979
3610
6238
986
988
3615
6247
3623
6251
999
6253
3629
6256
3631
1007
1009
3637
3640
6269
6270
6271
1019
3644
1022
3645
6276
3649
3651
6280
6285
1036
3667
3674
6301
3678
3679
3684
1060
6314
1062
1064
3690
6318
6319
3692
6321
6323
1076
3709
6338
6340
3716
3717
1097
1102
1104
1108
1110
1112
6365
1114
3741
3742
1119
1120
3745
6381
3755
6386
6387
6389
6394
3768
6401
3777
1152
3779
6411
1164
3790
3791
6419
3794
6422
1170
1173
3800
3801
6428
3808
1183
6438
1186
1191
1192
3817
1195
6449
1198
6456
6457
3836
6466
1214
1216
3844
6473
1222
3848
1224
3849
1226
6479
6480
1228
1229
1231
3850
3854
1234
3856
3859
6489
3861
3867
3871
6500
3874
1252
1254
3881
1256
3891
6518
6519
1266
6521
3892
3894
3895
1273
6526
1275
1276
3898
3903
3909
3910
1286
6541
1293
6549
1297
3924
3927
3929
6556
1306
1308
1316
1318
6571
3947
3950
6577
6578
6579
6580
3952
6583
1333
1334
1336
1338
1345
3972
6603
1352
3982
1357
6612
6616
3997
6627
4002
1377
4006
6636
4020
6647
6648
1399
1403
6657
4033
6663
6665
6672
6673
6674
6675
1426
6679
4052
4054
1431
6684
6686
6689
1437
4064
6692
1440
6700
6702
4076
1452
1454
6711
4085
6715
4094
6725
4100
6726
4102
1474
1476
1480
1481
6734
4111
1488
4117
1493
4122
4125
6753
1502
6755
6756
1503
4133
1507
1508
6765
4140
4144
4145
6775
6776
1524
1525
1527
4154
6780
6788
4164
4167
4168
1541
6798
4176
1550
4178
6805
4180
1552
1553
4183
6809
6812
4191
1571
4198
1574
4206
1580
6834
4209
6836
4211
4216
6843
1591
4221
6848
6849
1598
4225
4226
6852
1603
6856
6858
1609
4236
6865
4240
6867
6870
1618
4251
1625
1626
1629
6883
4258
6884
6885
1633
4264
6890
1638
1643
1644
4271
1647
6902
4278
6905
6906
4281
6907
6909
1657
1658
6913
1661
6919
4294
4296
1672
6926
1684
1690
4321
1699
1700
1701
6957
4335
6961
6962
1712
1713
4341
6967
6968
1715
1716
1717
1719
1722
1723
4352
4353
6986
1736
4367
7000
4377
7004
1753
7008
1757
4384
4385
4386
1759
1761
7016
1766
7019
4396
4402
7029
4404
7030
1780
4410
1786
7039
1789
7043
1797
7052
7053
4428
1803
4430
4431
4432
1807
7060
4435
7063
1811
4442
1818
1819
7073
7074
4456
7083
1833
1835
1839
1840
1841
1848
4477
7103
1854
4481
7108
4485
7116
7118
7119
1866
4495
4497
4499
7126
4507
7134
4510
1884
1886
7145
1894
1895
1896
4529
7155
4532
4534
7161
4536
7163
7165
1915
1917
1920
4548
1925
1930
4557
7184
4559
4560
1938
7194
7198
7201
4580
7209
7212
7214
4589
1962
1964
1966
7223
1971
4613
1987
1993
1995
4622
1996
2001
4628
7255
4630
2006
7261
4637
7266
2015
2016
4645
2019
4649
7278
2030
7284
2034
2036
7289
4666
2042
4669
7298
2046
7300
4675
7306
7308
7309
4685
2061
2062
4689
4690
4693
2070
7323
2079
7332
7333
7335
4713
2092
2094
7346
7347
4724
4725
7353
7354
7356
7362
4739
7366
4747
7373
4751
4752
4754
4755
7383
4759
2137
2142
7394
4770
2149
4776
2156
4783
7412
4787
2162
4789
7418
2168
2170
4803
7429
4805
7430
7431
7433
7436
2187
4814
7441
7442
7443
4821
7453
2202
2203
4828
7455
4833
2208
4840
7466
7468
4851
7477
4857
2233
4859
2235
2239
4866
7492
2246
7500
2249
7502
2251
2254
7507
4882
2257
7509
7510
4891
7517
4893
2270
4902
7533
7535
4920
7546
4922
4923
2298
4924
2300
4925
2302
7550
7552
4931
7553
7554
7558
2309
7560
4937
2316
4942
4945
2320
4947
2324
2329
7584
2335
4966
4967
2344
2345
4972
2351
2353
2354
7606
7607
2357
4983
4986
4987
4989
4990
7616
7617
7622
2372
5002
7629
5004
7630
2386
2387
7638
7639
5017
7646
7647
5022
2400
2404
2405
5038
5041
5049
7677
2427
5054
7691
5066
5067
5068
5073
5074
2449
7701
5077
2453
7705
2455
2456
2461
2462
5087
2464
5088
5089
2470
2471
2472
5102
2478
5104
2482
2484
2487
5113
7740
5118
5123
7759
5135
2510
2512
5138
5140
5143
5144
2521
2524
7778
2529
7785
7789
2538
5165
5168
5169
7796
7797
2546
2547
2549
5175
5177
7806
2556
5184
7810
5186
7812
5188
2563
5189
7815
7817
2570
2573
2576
5204
2582
5211
5212
2587
5215
7841
7846
5221
2596
2597
5226
5229
5231
5235
5239
5241
2618
2619
5246
7872
7873
2
2630
6
2634
5261
10
7886
2638
5264
5267
2642
5268
7896
5272
2647
22
2648
2649
25
5276
27
5280
7898
7907
7912
2662
2663
39
40
5293
7921
5297
2672
49
2678
7931
54
2682
5309
5310
7936
7938
64
66
2693
5320
7948
71
5323
5327
7953
2703
81
5334
2714
89
7966
5343
7969
93
2720
2721
96
5345
7971
7974
2726
102
103
5355
7981
108
110
5364
7991
2740
2741
7993
7995
5371
5372
2747
5374
5376
2753
8006
8009
8010
5385
2760
135
2762
137
2763
8014
140
2770
146
8029
153
8031
2783
158
2786
13
26
314
343
31
9
69
253
124
101
128
389
77
311
