609
670
667
666
658
654
653
652
647
646
640
639
638
637
636
633
631
628
625
622
621
616
612
609
606
604
600
598
593
590
588
584
582
578
570
569
568
566
564
561
560
551
550
548
547
542
540
539
537
531
527
523
520
518
517
516
512
511
510
509
508
507
506
505
504
502
501
499
496
487
486
484
483
481
468
466
463
453
452
451
447
443
441
440
437
432
431
427
417
415
411
408
407
406
405
404
403
402
401
394
388
387
1600
384
1599
382
1598
380
379
378
375
1591
1590
1588
1586
1585
1584
365
1579
1578
361
1577
359
1576
1574
356
1573
354
1571
349
1566
1565
1564
345
342
341
338
1555
1552
332
1548
1547
1545
326
1543
1542
1541
321
320
1536
317
316
315
1532
1531
1526
1525
305
304
1521
301
1518
299
1516
1514
295
1512
293
290
1506
1502
286
1501
284
283
282
1497
1494
1493
277
276
275
1491
273
1489
1487
270
269
1484
265
1480
1478
260
1476
258
1474
1471
254
253
1470
251
1468
1467
1465
1463
1461
1460
1458
1457
241
1456
1453
1451
1450
236
235
234
233
232
1449
1448
1446
1442
227
226
225
1440
223
1438
221
220
1437
218
1434
216
215
1431
1430
1429
1427
1426
1424
1423
207
1420
205
1418
203
1415
1413
200
1412
198
197
1410
195
1409
193
192
191
1406
189
188
1405
1402
1401
1396
176
1392
173
1390
170
1387
1386
167
1381
163
1380
1378
1371
159
158
1370
156
155
154
153
1366
1365
150
1362
1361
147
1360
1359
1356
1354
1353
141
140
1352
138
137
1351
1350
134
133
132
1349
1346
128
127
1344
125
1342
1340
1338
119
118
117
115
1332
1327
1323
107
1322
105
1318
1317
102
101
100
1316
98
1315
1312
95
1310
93
92
91
1308
1306
88
1305
1297
79
1296
1294
73
1287
1284
69
68
67
1283
65
1282
1279
61
1277
59
1275
57
56
1269
1267
1264
43
1257
39
38
1255
1253
1251
33
32
28
1242
1241
1239
22
1238
20
1233
18
17
16
1232
1231
1230
12
1229
9
8
1225
1223
4
3
0
1217
1216
1209
1205
1204
1203
1198
1197
1196
1195
1189
1188
1186
1185
1184
1183
1181
1180
1178
1168
1167
1162
1155
1154
1152
1149
1147
1144
1143
1142
1141
1137
1131
1130
1113
1111
1110
1109
1107
1104
1103
1102
1101
1097
1096
1091
1090
1089
1088
1086
1084
1080
1079
1078
1077
1076
1074
1073
1071
1070
1067
1061
1059
1053
1052
1049
1046
1044
1043
1040
1039
1036
1035
1033
1030
1027
1026
1021
1020
1011
1009
1006
1004
1001
1000
999
997
994
992
989
988
983
982
981
978
973
972
968
966
962
960
958
953
952
940
939
938
925
923
919
917
916
915
913
910
909
908
907
904
902
898
891
882
881
880
879
876
873
872
869
868
866
860
859
858
857
856
853
852
851
849
848
847
844
843
842
841
835
834
832
831
824
819
818
812
811
809
808
807
803
798
796
792
791
789
788
787
780
779
776
769
764
763
759
758
757
753
745
742
739
738
737
734
733
729
725
724
723
722
721
718
715
714
709
708
707
705
703
701
700
698
696
694
685
682
681
679
676
675
674
103
318
317
109
103
311
102
309
308
305
96
300
296
88
86
292
288
77
283
73
71
70
69
68
273
64
63
266
265
53
259
257
255
49
253
47
252
248
42
244
40
39
38
36
241
240
234
28
27
25
228
21
16
219
215
212
9
8
7
211
210
4
1
199
197
193
192
191
187
184
182
174
172
378
169
375
167
370
162
159
364
157
155
153
150
358
149
356
148
354
147
146
351
144
343
342
341
132
129
334
125
327
324
114
