1212
2383
4807
2385
4808
2387
7229
2389
7233
7237
2392
2394
2395
2399
4825
2402
7252
2406
4833
7257
2412
2413
4836
7262
7265
2419
7268
2422
0
1
4853
4855
7284
7286
2443
2444
23
24
2448
7299
2452
31
32
2456
34
4882
7303
37
4885
4889
2468
2469
4892
4894
7318
7319
7321
7322
7323
2483
2485
7334
7336
2489
7338
2492
71
7344
4921
78
2503
4927
2505
4928
4929
86
4935
7361
4938
7368
2521
2524
7378
2532
4957
110
4958
7380
7381
7382
4964
4965
7389
119
2544
4969
4970
7392
2549
7397
4977
7406
2559
7407
4985
7409
7414
7416
4993
148
149
150
4996
2576
153
7422
7429
7430
162
5011
2588
167
7439
171
177
7453
183
2607
185
2608
187
2609
2611
2613
2615
192
2617
194
7457
7461
7463
5046
2625
5049
5050
7475
7479
2634
2635
5059
2641
5066
7489
223
2652
5076
2654
5078
5081
7508
2662
5087
7510
7516
5093
249
2674
5097
2676
7522
254
2679
2680
5103
261
265
2690
7538
269
279
5134
290
7564
293
5141
297
2721
7571
5150
7576
7577
5154
309
5159
312
5160
7583
7590
7593
326
7602
2755
7603
7609
7612
7614
5191
7617
2771
2773
2774
7621
5204
2781
7630
5207
360
7633
7634
5211
2789
2790
2793
7644
2799
7651
2807
5231
385
2811
7659
5238
7663
392
2816
2817
2819
396
5245
7670
7677
7678
2832
7684
5261
416
5264
5265
2843
2844
2845
422
7689
7697
2850
427
7699
7700
7704
436
2861
7713
7719
450
7723
5300
2878
7729
5306
2884
2886
464
467
468
7741
7742
5319
2896
5320
7746
5323
479
480
2903
7753
5332
486
487
2910
2916
493
2917
2919
496
497
2922
7771
5348
7773
7774
5351
7777
5356
514
516
5365
519
525
7798
5375
7806
2960
537
7814
5392
5400
554
5402
5404
5409
5413
566
5414
2992
2993
570
5419
2996
7839
7841
7844
7846
7847
3002
7855
587
588
596
3021
3023
600
5448
603
605
5453
609
5457
7883
613
5462
3039
616
617
3042
5466
623
3053
7901
631
632
633
634
635
3058
3063
640
5491
5492
645
7916
3071
7917
7922
7925
7927
5505
7930
7931
3084
661
7935
5516
3095
5519
5520
5521
675
676
5524
7943
7944
7946
7952
682
683
3108
7959
688
7960
3115
3121
699
5548
701
3126
5549
3128
7973
3130
3133
718
3142
3144
5568
7996
726
5575
5576
729
5578
8001
8002
5585
3164
8012
744
748
8020
752
3179
3182
8031
761
764
5612
766
5615
8036
8041
8042
771
8043
8044
5622
3199
5626
3204
5630
5631
8056
785
8057
8059
788
8062
5641
3220
3223
3225
5649
804
3228
8076
5655
3233
5661
8088
8090
3243
5668
822
3247
827
833
8106
3259
8107
8109
8110
839
3263
844
5692
846
8118
848
5697
854
3278
3284
3285
3286
5710
5713
3290
8139
868
8141
5719
5728
881
8152
5733
3319
5743
5747
8173
904
905
5752
3331
3332
909
5753
5754
912
5758
5760
8177
916
917
8179
8184
8185
8193
3345
924
5773
5774
5775
8202
8206
8207
8210
5786
5787
5789
3371
8223
3376
8227
8228
959
3383
3385
5809
964
5812
5813
8239
3392
8242
5819
972
5826
8252
8254
8257
3410
5834
988
8261
989
5839
8264
992
993
3423
8272
3427
1005
3430
5856
8282
5860
5864
1017
1018
5867
8294
3447
8297
1026
3452
1029
8302
5878
8305
3462
5887
3464
1041
8316
3470
1048
3472
3474
1051
1052
5900
1056
1067
5916
5917
3497
1074
3501
3504
5930
1086
5934
5935
5937
5941
3518
3519
5944
1097
5948
1102
3526
3531
5956
1117
3544
5972
1129
5977
3555
5978
1135
3560
5986
3563
1146
1152
1153
3576
1161
3586
6011
1170
1172
1174
1175
1176
3602
6028
3606
1190
1191
6038
1193
6041
1195
3619
6048
3628
6057
6058
1214
6062
1221
6070
3647
6078
1239
3663
1241
3665
3666
1244
1245
6089
3672
1249
6103
6104
1261
6112
3689
3690
6113
1269
6119
1272
6121
3699
1278
3702
1280
1281
3703
1284
6132
1291
6140
3717
6142
1295
3720
3722
1299
1303
3730
3731
3734
1311
6160
3738
3743
1327
6177
1330
3755
6180
1342
6191
3767
6193
6194
3771
6199
6200
1353
1355
6204
3781
3782
1360
6209
3785
3786
3788
6218
6222
3799
1377
6227
3804
6232
1384
3808
3811
1389
3813
3817
6244
6245
1398
1407
3831
6257
6259
1411
3835
6262
1414
3837
1417
1418
3849
6277
3858
1438
3863
3865
1443
6293
3870
1452
1453
1455
3882
3886
3887
3889
3890
6317
1470
1473
3901
1478
6330
1483
3910
6337
3917
1496
3923
6349
3925
1503
1505
3931
3933
6358
1510
1511
3937
6363
1516
3940
3944
3945
1525
6378
1533
3957
3958
1536
3963
6388
6390
1549
6398
1550
6400
1551
6402
1553
1556
3973
3975
3976
3982
3984
6411
6412
3989
3991
6422
3999
1577
1579
4005
4006
1584
1585
4010
1587
6436
6440
4022
1600
6449
6451
1603
1604
4027
6455
4031
6458
1613
1614
6463
6464
1615
6467
1619
4049
6475
4053
4054
4061
4062
4063
4065
6490
6495
4072
1651
6500
6502
4079
4082
1660
4095
6520
1672
6522
4100
1679
1680
1684
4109
4110
4112
6536
6540
1695
1697
6546
4128
1704
1709
4134
1710
4146
6572
1728
1730
6580
1738
4165
4167
1743
6595
4172
1747
1751
4176
1755
4188
1765
1769
4194
6621
4198
1778
6627
6629
4209
6633
6635
4212
4213
1789
4215
1791
4217
4223
1803
4232
1809
6659
1811
1813
4241
6666
1819
1820
6672
4252
6676
4254
4255
6679
1831
1835
1836
6686
1842
1845
4272
6700
6701
1856
4282
6706
1858
1862
4288
1864
1871
4296
4297
4301
6726
6727
6728
1878
6731
1885
1888
6737
4317
6743
1895
6745
6750
6752
6755
6757
6762
4341
1919
6771
4348
6780
1934
6783
6784
4361
1940
6790
1944
4369
1946
1947
4373
1952
6805
1959
6811
1963
1965
1966
4393
1970
6821
1973
6830
6831
1987
4415
1993
1994
1997
6849
2003
4428
6853
4432
2009
4436
2014
6865
6870
2024
6875
2028
6879
2031
2032
4458
6883
2039
4468
2046
4473
2057
2058
4481
4482
4483
4486
2063
2064
6907
2066
6909
4492
4495
6919
2074
2075
6925
4504
4505
6928
6929
6930
2085
4509
2087
4510
4511
6931
6934
4516
6941
4523
4525
2103
2104
4528
6951
6953
2111
4535
6962
2115
6965
6967
4546
2123
2124
2126
4551
6976
2129
2132
2133
4560
2137
6984
6991
2145
4569
4571
4575
2154
2157
4581
2159
7005
4585
7009
7010
2167
2168
7020
7026
7028
4608
4609
4611
2190
4614
2197
2199
7048
4625
2205
4630
2208
4633
2210
2211
4635
4637
7058
2215
7060
7061
2219
2221
4647
2225
2227
7078
4665
7091
4668
4669
2252
7102
2255
4682
7109
4686
2263
2264
4689
7116
4694
4698
7125
2282
2285
7134
7135
4716
2295
2296
2299
4727
2307
4731
2309
7156
2311
7157
4741
4744
2322
2323
7171
7173
4750
4751
7175
2331
2332
4755
7181
4759
7182
4761
7184
7186
4764
4765
7190
4767
2346
7199
7201
2357
7208
7210
2363
7212
4789
7213
4791
7219
2373
7222
4804
4805
7228
4
1
115
22
175
