398
6241
4649
3856
674
5451
5453
2271
3067
4665
3869
5463
4669
6262
7057
2285
3082
4673
3877
7062
1503
5489
717
719
3109
3905
723
2323
2324
1528
7101
735
4717
1535
740
4722
3131
6316
744
3137
5525
749
3935
3937
5532
2349
4740
4742
2362
7138
5548
7141
6348
1573
3960
3961
780
3170
3970
1584
6366
3980
799
7168
3189
1597
7171
1602
809
7178
7179
16
3201
811
7185
5594
7188
7189
1616
4801
823
2417
2418
824
4004
4009
5606
6406
3223
41
3226
4824
7215
52
5623
5625
3240
1648
4036
6430
1654
4838
858
69
2458
866
870
80
7248
3268
2474
1677
6456
4863
881
4869
6462
4873
5670
895
4876
897
2490
901
6477
5682
4090
4094
915
6489
7288
7289
4106
4107
3308
1720
4906
4112
7296
135
1727
4912
3322
139
6511
7314
1744
153
1745
4932
953
6530
7327
961
7330
167
6537
6540
2564
5748
1768
7350
3370
188
2576
6558
7355
3375
4969
4970
983
4176
5772
4181
6571
5777
5778
2595
2599
1804
4987
1807
1015
6591
1020
3410
4207
228
5004
1822
1029
2624
1839
5025
250
4231
5027
1053
4237
2648
1856
5837
270
4254
1075
5056
1875
6652
5857
5859
1880
4269
1086
2681
294
6663
5867
1094
298
299
3488
6673
2698
3495
1903
2701
315
1112
316
6686
2707
5890
4304
4305
5105
1923
5904
5906
338
6706
4321
343
5926
4336
6725
4338
358
360
6731
364
4349
370
5147
1167
6739
5945
3562
5155
4359
4360
1178
3567
5953
4365
6753
5163
5955
5169
4374
1986
2788
1198
2791
1201
1204
3593
410
6778
413
2801
1211
415
3602
5195
3603
4403
4405
426
3612
5205
429
3615
2820
6801
1230
3622
4427
3632
6817
3634
1255
4439
5239
3650
6837
3658
6842
6048
1275
480
2871
2076
1282
6058
6059
1290
497
1296
2093
501
6074
4484
4487
4489
1306
3695
4492
2105
5289
2897
3702
1315
3703
3713
2122
1331
4515
535
536
6904
4521
3727
2137
4525
4529
2938
551
2144
5329
2156
6138
6941
4554
6147
1372
6149
3760
6950
2970
1380
4564
584
2180
3772
3775
2184
4573
595
2986
6173
3791
6976
2201
5389
5390
620
6991
1422
4608
3814
4612
2225
1429
4615
3818
3821
6210
4618
7004
4623
7013
5423
5424
4627
648
3831
2245
3839
4636
3
353
386
10
