1805
2390
9611
9610
9608
2387
9605
2381
5988
5987
2375
5985
9593
2369
2367
5977
9587
2365
2363
2359
5970
5969
5966
5964
5963
5961
2349
5957
2344
2342
9564
9563
5952
9559
2336
2335
9556
9555
2333
9552
9550
5938
5935
2324
9542
5931
2320
2315
5924
5923
5921
9528
9526
5915
2304
5912
2299
9519
2296
9516
2292
5901
9505
5891
2279
9499
2276
9497
2275
5885
5883
2272
5880
9490
5879
5874
2259
5869
9478
2252
5862
5860
9470
5859
5852
2241
2238
5847
2233
5845
9454
5843
9449
5837
2220
5822
5821
9428
2206
5815
2203
9421
2196
2194
2192
2191
9412
5800
9410
9406
5795
5792
5788
9399
9398
2177
5786
9395
2173
2171
9391
9390
2169
9385
2163
2162
2160
2158
5759
5757
9366
5754
9364
2143
2142
5748
2133
2131
5740
5738
5735
5733
5729
5727
9337
5724
9334
2113
2111
9330
9327
2103
2100
9319
5699
5698
5695
2084
5691
9297
9296
9295
9294
2072
9290
9289
9287
5671
2060
5668
9277
5666
5660
9268
2047
9262
5651
9255
2034
9250
2029
5638
5636
5634
2018
2016
2012
2010
9228
9225
5608
9218
1993
1990
9210
9206
5595
9203
1981
9200
1976
5586
9195
5584
9190
9189
1966
5576
9186
1965
1963
9183
1961
5570
9178
9177
1950
9171
5560
9165
9164
9162
5551
5543
9152
1931
1924
5531
5529
9139
1916
9137
5526
9131
5519
9129
1906
5514
1901
9122
1900
5509
9119
5504
5502
5501
1889
9098
9096
9095
9094
1873
9092
5474
1862
5471
9079
9075
9072
5458
5457
1845
1844
9064
5447
9058
9057
5444
5441
5438
9046
9045
5434
5433
9041
1818
1816
5428
9037
9036
9035
5423
9030
9029
9028
5416
9025
5414
5413
1801
9017
1796
9012
9009
1786
9004
5390
5389
5386
8996
1775
1774
5381
5380
8987
5376
1760
8982
8981
8980
8976
5365
1749
5358
8967
5355
1743
5350
5346
8956
1735
8954
8952
1730
5337
8948
5336
5335
8945
1723
1722
1720
5327
1715
8935
8930
1706
1705
1703
1702
5314
1701
1698
8921
5310
5309
8918
5307
5305
8915
1689
5296
8905
1681
1678
8892
8887
5274
1659
1658
5267
5265
1654
5259
1646
8854
5239
8849
5231
1620
5229
1618
1617
8832
1606
5213
8819
1597
1596
8815
1594
5203
5201
5200
8805
1584
1579
5189
5188
5185
1573
5181
1570
5179
5178
5172
12386
1547
5162
8768
8767
12379
12378
12377
12376
12374
5152
1539
12369
12368
1536
5145
8755
5144
12362
5141
5138
8745
8744
5131
1520
5128
12348
12346
1515
8734
5123
8730
1508
12338
1502
5112
8724
12333
8722
12331
1497
5108
12327
8715
12322
5099
5089
8700
12309
12307
1474
8695
1473
1470
8692
5081
5080
5079
12289
1457
5064
8673
12278
1450
8669
1448
1445
5054
8664
1443
8662
5051
12269
5049
12265
12262
5046
1435
5044
5043
1432
12257
12256
1425
5033
12250
5028
5027
12246
1414
12240
1411
1410
8630
8629
1407
8627
1405
5010
12224
5005
1394
8613
5002
12221
1390
12218
4998
1387
1384
12213
8601
4988
8599
8598
8597
1375
8595
12200
8591
8590
4978
12197
8586
8585
12192
8581
8578
8577
4965
8575
1353
4962
12178
4957
8567
12176
8564
4953
12170
8560
1335
1334
4937
12154
1324
12153
1321
8541
1320
12147
12142
12138
8532
1311
1307
4917
8528
8527
12135
8524
12133
1299
4909
12128
8514
8510
12116
8507
1286
12114
4889
1277
12104
4883
12101
12100
8489
12095
8485
12088
12085
12083
12079
1258
1257
8478
4867
4866
1253
4862
8473
4861
8471
1249
1248
4858
4857
1239
8460
8459
8452
12060
8450
8449
8448
1227
8445
8439
12044
4821
12040
4818
12037
8426
8422
4806
8411
12016
1186
4795
1182
12010
8395
8391
8390
11994
1167
4775
8385
4774
1160
1155
11983
1153
11974
4753
1137
11960
8350
11956
8347
11955
11948
1124
1121
4732
4731
4730
4729
1118
11946
4724
1113
4722
1110
1109
4719
11931
1103
8323
8322
1100
8320
11929
1098
1096
8315
4704
1092
4702
4699
4698
4694
8302
1081
4687
8295
1073
8291
1065
1064
1062
4675
4673
8283
4672
11890
8280
1051
4661
1049
8269
11877
11875
1045
11871
4653
4652
4651
1037
8257
4645
11860
1028
11853
11848
1022
8241
11847
1018
8238
8237
11841
8229
8227
4616
8221
8220
8217
4606
4600
11816
11814
985
984
4594
8204
11801
977
975
973
4586
972
8194
8193
8192
4581
8190
8183
968
11792
965
4575
963
962
4572
4571
4566
11783
8167
11778
11777
11776
11775
945
8163
8155
938
935
4546
4545
934
8153
931
11760
4539
928
8147
8142
8140
11749
11748
4528
8136
11746
11744
4522
11740
11738
908
907
11731
11730
900
897
8115
8114
11723
8110
4499
888
4497
11716
11707
8095
4483
8090
866
8085
11693
8081
11691
11690
859
856
4465
854
4463
8068
8067
11672
842
8060
4445
832
11657
11653
4432
4429
4427
8034
813
8030
4419
4416
8023
804
803
11632
4410
8018
798
8017
4405
793
791
4401
11616
787
4396
8005
784
782
7994
778
11607
4386
774
4384
7993
772
11600
770
11598
4369
7973
11587
4366
4365
4364
11582
752
7970
11580
4358
11577
7965
7963
11571
7960
11569
11564
733
7948
11555
11554
4331
4328
11546
7933
11542
708
11530
698
697
7916
694
4302
687
686
4297
4296
11515
11512
11509
4289
11506
674
4283
671
7887
7885
7880
4269
7877
11486
656
651
7868
11478
11476
11469
11468
11467
11463
4245
633
4243
4242
4241
4240
7848
4238
4235
624
621
11450
616
7833
11442
11438
4212
596
4203
586
11412
580
579
7798
576
7794
4184
7793
7789
571
11400
7787
4178
11397
4174
4173
562
557
11386
4164
4158
11375
11372
542
11371
540
4147
533
4139
7742
4132
4131
11350
4129
518
11344
7732
4122
7728
4118
4117
7722
501
7720
497
7716
492
489
4099
11314
7703
480
7699
11307
4084
11304
7693
4080
4078
469
468
7685
464
11293
7681
7680
11285
11282
7668
11277
11276
11274
7662
4042
4040
7655
434
7653
7652
11259
430
429
428
11256
7642
423
422
4029
7639
7638
417
7634
415
11244
7633
7632
7631
410
7625
11236
405
11234
7621
4010
11229
7617
397
7616
7612
7610
11223
7609
7607
11220
11219
388
387
385
383
11211
379
3983
11207
7595
11205
11203
373
370
7584
364
11192
7574
3963
3962
3960
7565
3954
7562
3950
3946
3942
7553
11166
11164
335
334
333
7552
11160
330
3939
7546
3934
3932
321
3929
3926
11143
310
3919
7527
7526
11136
3914
11134
298
11124
294
3901
7502
3891
3885
7497
3884
11104
274
7489
11099
3878
7487
11094
7482
7480
11090
7477
257
11083
251
7467
249
11078
7466
11076
3855
11071
241
11062
232
3841
7449
228
7445
7444
11054
11052
11051
3829
7439
11046
11044
3823
7431
210
3810
196
11021
7409
7408
11018
7405
3794
3793
3791
3790
11009
3787
11006
11004
7391
3776
10996
3773
3768
10989
3763
157
7374
7373
154
10983
7371
3756
149
10978
3755
3753
7365
7363
143
7362
7357
10970
7356
10967
137
136
7352
7350
7346
10957
7345
125
3731
123
10952
3730
10949
119
10948
117
7336
3722
3720
108
3715
106
3714
10934
3713
102
7320
3709
3707
3703
92
3701
89
7305
7302
81
75
10901
3679
10897
7281
10892
61
7279
56
53
3662
3660
7269
49
48
7257
7256
34
3640
10856
7238
15
10844
11
3620
3617
10837
7224
7221
10832
1
10829
3608
7215
7211
10817
7206
10813
3589
7199
7194
10802
7190
3578
7188
10796
7183
10793
7182
3570
10789
3566
7174
10784
10782
3555
3548
7155
3542
3538
3537
7144
7140
10747
3526
10745
10743
10740
10739
7126
10736
10734
10733
3510
10727
10725
10721
7107
3496
7103
3491
3482
10701
3478
7089
7088
3471
3468
3467
10686
3465
7073
10683
3461
3459
7069
3456
10674
7060
10667
3442
3437
7053
3435
10661
7050
7048
10658
3433
10656
7045
7043
10653
3432
3430
10648
3426
10646
7033
3422
10637
7024
3411
7022
7021
3406
10626
3403
3400
7010
7007
10610
10608
6997
10606
6994
6993
10602
6991
6989
6984
6981
3362
6968
10574
6962
10572
3351
10568
10567
6955
6953
3335
3329
6948
6945
10557
6941
10555
10554
10553
6940
6939
10550
10549
10547
3326
3323
6932
3320
10538
3315
3311
6923
10532
6921
3310
3307
6918
6917
3304
6915
10524
3297
10517
3295
6902
3288
10510
3287
6898
10507
6894
6890
6887
3275
3274
6884
10489
10487
3262
3261
3257
6864
3249
6857
3242
3241
3240
6849
10458
3237
3231
3228
10450
10449
10448
6837
3225
6833
6831
3220
10434
10433
3212
6821
3208
10427
6816
6815
6814
10418
6805
10411
6798
3186
6795
6793
10399
3171
3166
3162
10385
10384
6773
6772
6770
10379
3155
3154
3153
6763
10373
6760
10368
10366
3144
3139
10361
6750
10359
10357
3131
10349
6736
3125
6733
10343
3122
6731
3120
3119
10335
6722
3111
10328
3106
6715
6708
3097
6704
6703
10311
10310
6692
6689
6688
3077
3076
6683
10293
3071
6679
6676
3056
3052
10272
6659
3046
6655
3037
6646
10255
3030
10250
10247
10245
3023
6631
6630
6627
6624
10231
6619
3007
10225
6612
2999
2997
2993
10213
6602
2987
6597
2984
2967
6580
10189
6578
6577
10185
10184
10178
2955
10172
10171
2948
6558
2947
2942
10162
6550
2938
6547
2936
2935
10152
2930
6538
2925
6534
10142
10140
6528
10137
10130
2908
6517
10126
6515
2902
2900
2899
6510
10119
10118
2895
2894
2892
10109
2888
2886
10106
10105
6493
10103
10101
6489
6488
2874
6483
6479
2867
2863
10083
10081
6469
6457
2845
2844
2841
10059
2834
6445
6444
2831
2828
2826
10046
6432
6431
6427
6424
6421
6420
10026
6415
10023
2801
10021
2798
6405
2792
10012
10010
2789
6398
2787
2784
6393
6392
9996
2773
6379
6377
6376
9986
2764
6372
6370
2759
2758
2756
6360
9968
9966
6354
2742
6351
6350
6349
9958
2737
2733
9955
6344
6343
9952
2729
9945
2722
9942
2721
2715
9936
9935
9930
2709
2708
6317
9922
6311
9919
9915
9912
6300
9910
2687
6293
2678
2676
2670
9887
2665
9881
2656
9875
6264
9873
6262
6257
9865
6249
2637
6245
6242
9852
6241
6239
9843
9835
2609
6218
9823
6212
2599
9818
9817
6203
9808
9807
6194
6192
2577
6185
9795
9792
9789
2562
2560
2559
9777
6164
2552
2551
2543
9760
2538
2536
2535
9753
2532
2531
9749
6137
2522
9740
2518
6127
2509
6121
9730
9729
9724
2502
2501
9720
2497
6107
6106
6102
6097
2486
2484
2482
9691
6080
2469
2468
2463
9684
6073
2461
2459
6067
6064
9674
2452
9672
2447
6055
2442
2441
9662
9661
6049
6047
6043
2427
9646
9639
6026
9636
6025
6022
2410
9630
9628
2407
2406
9623
2401
6009
9618
11
140
76
11
98
53
338
398
69
2
392
367
