398
2227
629
626
625
2218
1421
2214
1414
1411
2207
613
2205
2201
2197
1400
1399
1396
596
594
2185
2176
583
1377
1374
577
572
564
559
1357
1356
2151
554
2145
552
1346
1343
2137
539
1335
2129
535
1331
2124
2120
1322
2117
1320
2115
519
1314
2108
514
1306
2095
2094
499
1294
488
2079
483
1278
2071
2070
477
2066
472
468
2059
465
461
460
459
1254
2051
1253
2049
455
453
450
1246
2039
446
441
434
432
429
1226
1225
1220
2012
2007
1208
1207
1206
2001
1994
1993
1992
397
1988
1190
1189
388
385
1178
1177
378
376
1965
1964
1963
1959
367
1164
1163
363
1159
359
1153
1149
352
1147
1146
1939
1143
1139
341
1137
1929
1134
337
1928
330
1121
317
1113
1112
1109
311
1107
1102
1892
1096
1093
1887
1089
1088
291
1877
1869
1868
1867
1860
268
267
1063
1062
1855
263
1056
1849
1844
1843
1842
248
1043
245
1834
1832
239
1036
238
1034
1828
234
1825
1028
1027
230
1818
225
1810
217
2603
1007
1002
1001
998
1797
997
996
1794
2589
2588
2586
198
1788
195
990
986
1783
190
984
1773
2569
181
975
970
1767
175
1765
2561
968
171
170
2550
162
957
953
2543
1743
940
928
1739
1736
146
1733
1732
143
142
2529
140
920
1729
1728
2522
135
2521
133
2520
1718
1717
1714
1712
2513
2512
125
124
2510
122
2507
120
119
910
2500
904
2494
105
1696
1695
2490
2489
2488
1691
98
2485
93
888
1681
884
1677
83
2470
877
876
1669
2465
867
1663
864
68
2455
855
853
2447
1649
57
1643
2436
1627
825
1622
30
824
2416
823
2412
819
1613
813
16
2403
2399
1602
9
802
2395
2394
1596
799
1592
2386
1589
787
786
1585
2381
1584
2379
1582
2373
2372
777
2369
2366
2365
2361
1564
1562
764
2351
2349
753
2343
749
2339
2338
745
744
2335
740
2333
2332
2328
1528
731
2319
1521
2317
1517
2313
1513
2309
714
713
2303
1505
708
1502
1500
1499
2294
1494
2290
2287
694
692
2282
1485
1484
684
2276
2275
2271
1474
675
674
673
1466
668
1461
1460
2255
662
661
656
655
652
1449
1448
1445
647
2235
638
1435
1434
2231
2230
8
122
57
23
5
131
146
81
96
