418
1221
387
388
389
1226
2065
2067
1231
1233
1234
2071
401
405
1245
1251
415
419
1257
421
423
426
428
430
431
2104
432
1270
2109
1273
2111
1277
1284
1285
448
1287
2124
451
1294
2133
1297
2139
1304
468
469
2143
1308
471
2146
2147
1312
475
2153
2154
1317
2156
485
2160
1325
1326
1327
2164
1328
2166
498
2172
502
1341
506
1343
507
2181
1345
2183
508
509
519
1362
528
531
535
1377
1379
1381
551
1388
552
1390
1394
558
1396
559
572
574
575
578
1415
580
1423
1425
590
1427
592
594
1431
1432
597
599
1438
1439
604
606
1447
1454
1462
627
628
1465
1466
1467
630
637
1475
642
643
644
650
657
1495
660
661
663
1500
665
1512
679
682
1519
1521
1534
703
705
710
1548
713
1550
716
1554
1557
1559
1560
733
737
745
747
1584
1589
753
754
1592
756
772
774
1611
776
777
782
787
789
1628
793
1632
1634
1636
804
1641
1642
805
814
818
1655
1657
821
828
1668
833
1672
1
2
841
6
7
8
1681
847
12
14
15
850
852
18
19
21
24
27
1699
29
1700
31
33
1705
869
1708
37
1710
871
40
872
877
879
1719
1720
54
56
57
1728
893
60
63
1737
66
67
1738
1739
1740
1743
901
77
79
81
1755
1757
91
928
95
1768
97
1771
100
1773
937
940
105
106
944
110
946
113
950
951
1788
120
1793
1797
963
129
1803
133
973
138
139
1812
977
979
1817
148
986
151
1823
988
1826
990
1832
1000
1837
1839
1007
1011
1849
178
1850
1016
1017
1020
185
1022
1859
1024
189
1860
1866
1867
196
1868
1869
1036
1037
1038
200
204
206
1044
1880
1049
1050
1892
1894
1060
224
225
1900
1065
1901
1067
231
1070
234
1072
236
1911
1078
1914
1080
1081
1915
1083
1084
1085
247
1087
251
252
1920
1092
1933
263
1100
267
268
1105
1942
1107
1109
273
1945
1947
1113
277
279
1948
1951
282
284
1127
1964
1965
1130
294
1132
297
1972
1973
1142
306
308
1145
1978
1147
311
313
1980
1984
1154
1990
320
321
323
1995
1997
2001
2002
1167
1168
1169
2004
1171
2005
2010
1175
2012
341
344
353
1196
1197
360
2034
2036
2038
1203
1205
2041
371
2046
377
1215
380
382
1219
17
84
20
59
60
163
95
99
32
136
138
4
7
44
114
47
81
151
