501
2570
2571
2572
2573
559
1573
2576
1574
2578
2580
1579
2582
2583
1581
576
2586
2588
1588
1590
2593
1593
1594
595
2601
1599
2603
2604
1605
2610
2611
1609
1611
606
610
612
614
1617
2621
1619
1621
2626
622
2634
2639
637
2642
1641
640
646
2654
1655
2658
1656
653
1660
2664
663
664
2669
1667
1668
665
2673
1674
1676
677
1687
1688
685
1690
686
689
696
1699
1700
1702
705
1708
706
1710
708
1712
710
1714
711
713
725
1733
732
1735
1736
733
1738
738
739
748
1751
1752
760
765
1770
768
1778
1779
776
778
782
1785
783
1787
1788
1790
791
800
1803
804
811
1818
1819
818
1824
823
1827
1828
829
834
840
1843
841
1845
843
1850
1856
1859
859
1863
862
1865
866
868
871
1874
875
884
1892
896
905
912
921
922
1925
1928
1929
930
932
1935
934
1939
1941
940
945
1950
949
1952
952
1955
956
1959
960
963
966
1971
1973
988
992
1996
999
2004
1002
1006
1007
14
2018
1016
17
18
19
1021
2026
2031
1032
1033
2038
35
38
2045
1045
1046
44
2050
45
1050
1052
50
55
60
1063
2066
1064
61
63
65
1071
69
71
1077
75
1079
1080
2083
2086
2092
2093
88
95
99
103
107
2113
2114
110
2116
114
1118
2126
124
2130
1135
1136
133
1142
143
2151
2152
1152
1155
157
158
159
2165
162
1165
2168
2169
1169
2172
1170
1171
1173
2176
1174
2178
167
172
175
1182
2185
1184
2190
1188
1189
1192
2195
191
2198
2200
1198
198
1204
2207
2213
2215
212
2217
1215
1220
2223
2224
218
1226
224
225
227
2233
1231
1234
2237
2238
2239
1235
1237
237
239
1243
2246
2247
2248
1246
1247
1248
243
1251
1253
2259
1260
2265
2266
1266
265
274
275
1278
2283
281
283
2292
2297
293
1297
1298
2302
298
2304
299
1304
1305
1306
304
305
307
1311
309
311
1314
313
2319
316
318
2323
1322
2328
1329
334
335
337
338
2343
1342
1343
341
1346
2349
344
2354
1354
2361
357
2363
359
1365
364
2369
2370
368
2373
1371
1372
1374
372
373
374
375
377
2383
380
1385
2390
2391
2392
389
1392
2401
398
400
1403
401
1407
405
1409
406
2413
1411
1412
2416
409
2418
1416
1418
1420
2423
2424
2425
1422
424
2429
425
2433
2434
2436
2437
1434
1436
433
435
436
2444
441
2446
2447
1446
2449
445
2452
2453
1453
2456
2457
454
1457
2460
2461
455
456
458
2465
461
462
465
2472
1471
2474
1472
1478
476
1480
2486
2488
2489
484
487
1501
503
1506
1511
510
2515
1514
2517
1515
2520
516
2524
2525
520
523
1527
525
1529
2533
1532
529
2538
1537
535
2541
536
1543
1544
1546
2549
1547
1549
2559
1560
2563
1561
1562
1563
558
1566
2569
5
37
78
40
21
13
