234
818
820
355
824
826
358
828
359
360
363
833
366
367
368
370
842
846
378
848
380
386
857
860
861
393
394
864
865
396
867
397
869
399
873
877
412
413
885
886
417
419
890
892
429
431
435
436
906
443
445
915
449
452
455
927
460
929
461
463
934
0
1
5
941
943
474
10
480
17
487
20
956
22
488
491
25
962
493
965
30
499
970
971
36
37
974
39
976
504
509
510
513
515
983
518
988
989
522
991
992
527
60
531
66
1005
538
539
540
70
1008
79
1017
82
1020
553
560
562
563
99
101
571
572
573
105
576
577
111
582
583
118
119
120
589
124
126
598
130
132
134
606
140
143
612
148
157
630
632
164
634
640
641
642
643
177
178
648
180
651
653
188
658
663
671
205
674
675
677
678
680
682
683
220
223
226
227
696
699
231
232
234
235
237
238
708
709
241
711
243
713
251
252
722
725
726
259
729
730
731
732
265
269
742
743
749
750
283
285
756
288
289
291
292
763
764
296
299
768
769
302
774
776
309
313
314
788
790
323
326
330
802
340
809
812
348
49
369
176
280
182
185
188
288
191
290
195
294
1
297
200
101
6
301
109
306
112
113
214
117
216
21
23
123
124
223
326
328
331
333
334
139
42
239
142
46
47
146
248
53
55
154
63
263
168
169
