296
578
1171
580
1768
1771
1772
592
1
594
597
6
8
604
1788
14
15
606
1793
18
1203
21
1797
27
1211
1803
31
33
627
1219
37
1817
1226
1231
1233
642
643
1234
54
56
57
650
1832
1839
66
67
660
661
1251
72
665
1257
1850
79
81
1858
1270
1863
1273
682
91
684
1868
95
1872
97
1281
100
1284
1285
1287
1880
105
700
1294
113
705
1297
1894
120
715
1308
1901
133
1317
1911
138
139
1914
733
1325
1326
1915
1918
1919
1921
1334
745
747
1339
1341
1343
1345
754
1942
1945
1354
1947
174
1951
1361
1362
776
777
1369
1964
1965
1966
194
787
196
789
1379
1380
200
1381
1973
1978
204
1980
1390
1984
810
1995
1997
814
2001
821
1413
231
2005
234
2010
236
828
1424
833
247
1432
841
1438
257
2034
852
2036
2038
263
1447
2041
267
2043
1454
2046
273
277
870
279
871
1465
284
877
2065
1475
294
304
306
308
901
317
2094
321
917
2104
1512
2109
1519
928
1521
1522
341
344
940
944
353
950
1544
2137
360
2139
1550
2143
2146
1560
2152
2153
2156
380
382
976
387
2164
388
2166
389
986
2172
988
2174
990
1584
401
1587
1589
2181
405
1592
1000
1599
415
419
423
1016
1018
430
431
1024
1025
1033
1036
1037
1628
1632
1041
1634
1641
1642
1060
468
469
1655
471
1065
1657
1067
475
1070
482
485
1080
1672
1083
1084
1085
1087
506
1100
508
509
1700
517
1109
1707
528
534
1127
1719
1132
1133
1134
1728
1142
551
1145
555
1147
1739
1740
1743
562
1154
1755
572
1757
574
575
576
1167
11
44
47
4
136
96
163
122
81
84
151
20
