402
539
1346
2151
1356
1357
552
554
559
564
2176
1374
572
1377
577
583
1396
2201
594
2203
1399
2205
2206
2207
1400
1409
2214
1411
2216
2218
1414
613
1421
2227
2230
2231
625
626
629
1434
1435
638
1445
1448
1449
2255
647
652
655
1460
1461
656
661
1466
2271
662
2275
2276
668
673
2282
674
2285
2287
1484
1485
2290
684
2294
1494
692
694
2303
1499
1500
1502
2309
1505
2313
708
2317
1513
1517
713
714
1521
2328
2332
2333
1528
2335
2338
2339
1534
731
2343
740
2351
744
745
749
2361
2365
2366
1562
1564
2369
764
2373
2379
2381
1581
2386
1582
1584
1585
777
781
1589
2394
2395
1592
2397
787
2399
1596
2403
1602
799
802
1607
2412
2416
1613
813
1622
819
16
1627
823
824
825
2436
30
2447
1643
1649
2455
44
853
1658
855
2465
1663
57
864
1669
867
68
1677
876
2485
1681
877
2488
1685
2490
884
2494
83
888
2500
1696
893
93
2507
901
98
2510
2512
2513
904
1712
105
1714
910
2520
2521
2522
1717
1718
920
119
120
1728
122
1729
124
125
126
1732
1733
1736
928
131
2543
133
1739
135
1743
940
2550
140
142
143
146
2561
953
957
2569
1767
968
1773
170
171
975
2586
175
2588
2589
178
2591
1783
181
1786
1788
986
1794
990
1797
190
2603
996
997
998
195
1001
198
1002
1810
1007
1818
217
1028
225
1832
1834
1034
230
1036
234
1842
1843
1844
238
239
241
1849
245
1855
248
1860
1062
1063
1867
1868
1869
263
1871
267
268
1877
1887
1088
1089
1892
1093
291
1096
1102
1107
1109
1112
1113
311
316
1121
317
1928
1929
328
1134
330
1939
1137
1139
337
1143
341
1146
1149
1153
1959
352
1159
1963
357
1965
1163
1164
359
363
367
1177
1178
376
1984
378
1988
1992
1189
1190
385
388
1993
1994
2001
397
1202
2007
401
1206
1207
1208
402
2012
1220
420
1225
1226
429
2039
432
434
2049
1246
2051
441
446
1253
1254
2059
450
453
2066
459
460
461
2070
2071
465
468
2079
472
1278
477
483
2094
2095
488
1294
499
2108
1306
503
2115
2117
1314
2120
514
2124
1320
1321
1322
519
2129
2132
1331
1334
1335
535
2145
1343
8
96
112
146
131
5
23
57
122
