1434
1938
7677
4814
7687
1951
7691
4828
1962
1964
7701
7705
7706
1971
4840
4851
1987
4857
4859
1993
1995
1996
1997
4866
2001
7740
2006
4877
2012
7749
2015
2016
4891
7759
4893
2030
4899
4902
2034
2036
4907
2042
2046
7783
2047
4917
4918
4920
7789
4922
4923
4924
4925
7794
2061
2062
4931
7797
4937
2070
7806
7809
7810
7812
4945
2079
4947
7815
7817
2085
2089
2094
4964
4967
4969
4972
7841
2107
7846
4983
4986
4989
4990
4999
5002
2136
2137
5004
7872
7873
2142
5010
5013
2149
5017
7886
5022
2156
7896
2162
7898
2168
2170
5038
7907
5041
7912
5049
7921
5054
2187
7925
7931
5066
5067
5068
7936
2202
2203
7938
5073
5074
7942
2208
5077
7948
2213
7953
5088
5089
7966
2231
2233
5102
2235
5104
7969
7971
2239
7974
7981
2246
5118
2251
2254
5123
7991
2257
7995
2260
2267
8003
2270
5138
5140
8006
5143
5144
8014
2280
8027
8029
8031
5165
2298
2300
5169
8037
8038
8042
5175
2309
5177
8047
2316
5184
5186
2319
2320
5188
5189
8052
2324
8054
8064
2329
8066
2335
5204
8076
2342
2343
2344
2345
5211
5212
8081
8082
8084
2351
2353
2354
5221
8090
2357
5226
8095
5229
5231
5235
5236
5239
2372
5241
2375
5246
2387
8124
8126
5262
8131
5264
5267
2400
5268
2404
2405
8142
5276
8145
5280
2413
5284
2417
8152
8154
8158
5293
8161
8176
5309
5310
8180
5315
2449
5320
2453
2455
2456
5323
2461
2462
5334
8206
2470
2471
2472
8210
8211
5343
5345
8216
5348
2482
2484
8223
2487
5355
5364
8234
5371
8240
5374
5376
8245
2510
2512
8250
5385
8256
2521
2524
2529
8267
2535
2538
8275
8277
2541
2546
2547
8284
2549
5417
8287
8290
8292
2556
5425
5426
8298
2563
8300
2567
2569
8308
2573
5445
8314
2582
8319
5454
2587
8326
5458
2593
8330
2596
2597
5464
2599
8336
5467
2602
5469
8347
8349
2618
2619
8363
5495
8365
2630
5496
5498
2634
8371
2638
5514
2647
2648
2649
5516
2660
2662
2663
5531
5536
5537
5538
2672
2677
2678
2682
5560
2693
5564
2703
5576
5577
5580
2714
5587
2720
2721
5591
5599
5606
2740
2741
5609
5612
5614
5616
5618
5625
2760
5628
2763
5633
5635
2770
5642
2778
2783
5653
2786
5655
2788
2793
5661
2801
5670
2803
2804
5671
2808
5677
5687
2820
2822
5690
2827
2829
5704
5705
2838
2841
5709
5714
2847
2853
5722
5725
5726
5731
2866
5736
2870
5739
5740
6
5744
5745
10
2879
5748
22
25
27
2895
5763
2898
5766
5767
2901
5768
2905
2906
39
2907
5774
5777
2911
5779
2916
49
5786
54
2924
2927
63
64
65
66
67
2934
5804
71
72
5808
5810
2944
5812
5816
81
2953
2954
2955
5822
89
2958
2959
5823
93
2961
5831
96
2965
2967
5835
5837
102
103
2971
107
108
2976
110
5845
5846
5848
2985
123
2991
125
2993
5859
5861
2997
3000
135
3004
137
3007
140
3008
3010
5879
3013
146
3015
3016
5884
5885
3019
5886
153
158
3027
5894
5899
175
176
181
5917
185
5922
190
5926
194
5930
198
3067
3068
201
5937
5940
206
210
5947
213
3081
216
219
222
3094
3095
228
3099
232
233
3101
5967
5970
5971
5972
5978
3111
244
5980
246
5982
248
5986
254
259
3127
261
5997
263
6000
6001
269
6009
274
3143
281
3150
6018
3152
3153
6024
6029
298
6036
3170
303
6040
3174
308
3177
6044
315
3184
6054
6055
3189
6058
3191
329
3200
333
3204
338
6075
6077
3210
3216
3217
6084
353
3221
6090
356
357
3224
3230
6099
365
366
6103
6104
6108
377
383
3252
3253
3254
3256
391
394
3263
3269
6139
411
3280
3281
414
6153
3285
420
422
427
431
432
3303
6175
6176
439
443
3311
448
6189
3322
6197
6198
3329
3331
3333
3335
6204
468
6206
470
3340
475
6213
479
6216
6222
487
3354
6227
3362
3366
499
3367
3369
6238
503
504
3378
6247
3379
3382
6251
6253
517
6256
3389
6265
3397
531
6269
6270
6271
533
3406
6276
541
6280
6285
550
552
554
556
3438
6308
573
576
3445
6314
581
6318
6319
584
6321
3450
6323
3451
3453
3456
3460
3462
595
6338
6339
6340
602
3470
3475
3479
6348
3485
618
619
3488
624
625
626
3492
3495
6365
629
3497
637
3505
639
3507
644
6381
645
6383
647
648
6386
6387
3512
6389
3521
655
3528
661
6399
6401
665
669
672
3541
674
6411
676
3545
3547
3548
6419
3553
6422
3555
3558
691
3559
698
3566
3568
6438
706
708
710
3578
712
6449
3582
715
6452
6456
6457
6458
724
6466
731
732
733
6473
741
3610
6480
745
6482
3615
752
6489
755
3623
3629
6500
6501
767
3637
774
775
776
6513
3644
3645
3646
3649
6518
6519
3651
6521
786
3663
3667
3669
6541
3674
809
3678
3679
812
6549
3684
6556
3690
3692
3695
6571
835
3703
838
3708
6577
6578
6579
6580
842
3709
6583
847
3716
3717
854
3724
859
864
866
6603
3741
876
3745
6616
882
883
3755
6627
894
895
897
6636
3768
3777
910
6647
6648
3779
6651
915
6657
921
3790
3791
3794
6663
928
6665
3797
931
932
933
934
3801
6672
6673
6674
6675
936
937
938
6679
939
942
3808
6684
3817
955
6692
6695
959
961
963
6700
965
6702
966
3832
970
6711
3844
6713
977
6715
979
3848
6718
3849
3850
986
3854
988
6725
6726
990
3856
3859
3861
6734
999
3867
3871
3874
1007
1009
6748
3881
6753
6755
6756
1019
1022
3889
3891
3892
3894
3895
6765
3898
3903
1036
6775
6776
3909
3910
6780
3915
6788
3924
3927
1060
3929
6798
1062
1064
6805
6809
6812
1076
3947
3950
3952
1085
3960
1097
6834
6836
1102
1104
3972
6843
1108
1110
6848
6849
1112
1114
6852
3982
1119
6856
1120
6858
6865
3997
6867
6868
1132
6870
4006
6876
6883
6884
6885
1149
1152
4020
6890
6899
1164
4033
6902
6905
6906
6907
1170
6909
1173
4043
6919
1183
4051
1186
4052
4054
6926
1191
1192
1195
4064
4065
1198
1206
4074
4076
1214
1216
6957
1222
1224
6961
6962
1229
6967
4100
6968
1231
1234
4106
4109
4111
1247
4117
6986
1252
4122
1254
1256
4125
6997
7000
4133
1266
7004
1269
4140
7008
1273
4144
4145
1276
7016
7019
1286
7029
7030
1293
4164
7033
1297
4167
4168
7039
1306
7043
1308
4178
4180
4183
7052
7053
1316
1318
4191
7060
1325
7063
4198
1333
4202
1334
1336
7073
4206
7074
1338
4209
4211
1345
7083
4216
4218
4219
4220
4221
4222
1352
4225
4226
1357
7103
4236
4240
7108
1373
1377
7116
7118
4251
7119
4258
7126
1395
4264
7132
7134
1399
1402
4271
4273
7141
1407
7145
4278
4281
7151
4286
7155
4290
7161
4294
7162
4296
7165
7166
1426
1429
7172
1437
1440
7182
7184
1452
4321
1454
7194
7198
1462
4332
7201
4335
4338
4341
7209
1474
7212
4345
7214
1476
1479
1480
1481
4352
4353
7223
1493
7230
4367
7235
1502
1503
1507
1508
4377
4384
4385
4386
7255
1524
7261
1525
1527
4396
7264
7266
1528
4402
4404
1537
1541
4410
7278
4413
7283
7284
1548
7286
1550
1551
7289
1552
1553
1556
4428
4430
4431
4432
7300
4435
7306
1571
7308
7309
4442
1574
1579
1580
1586
7323
4456
1591
1594
7332
7333
7334
7335
1598
1603
4477
1609
7347
7348
4481
4485
7353
7354
7356
1618
7362
4495
1626
4497
7366
4499
1629
1633
7373
4507
4510
1643
1644
4514
7383
7387
1657
7394
4529
1661
4532
4534
4536
1672
7412
4548
7418
7419
4557
1690
4560
7429
4562
7430
7431
7432
7436
1701
7441
7442
7443
4580
1712
1713
1715
7452
7453
1716
7455
1717
4589
1719
1722
1723
1724
7466
7468
1734
7477
1742
4613
1753
4622
7492
1757
1759
7496
1761
4630
4632
7500
7502
1766
4637
7507
7509
7510
4645
1780
4649
7517
1785
1786
1788
1789
4664
7533
4666
7535
1797
4669
1799
1803
4675
7546
1811
7550
7552
4685
7553
7554
1818
1819
4690
7558
7560
1833
1835
1840
1841
4713
7581
4716
7584
1848
1854
4724
7596
1866
7606
7607
4745
4747
7616
7617
4751
4752
1884
4754
4755
7622
7624
1886
4759
7630
1894
1896
4770
7638
7639
7640
1904
4776
7646
7647
4783
7651
7652
1915
4787
1917
4789
1920
1925
1926
1930
4803
4805
14
79
389
26
2
311
31
314
343
9
152
69
124
128
101
