1818
8586
8585
12218
8581
1307
12213
8577
4939
8575
4937
1299
8567
12200
8564
12197
8560
1286
8557
12192
4917
8550
1277
12178
12176
12170
1257
4893
8528
8527
1253
4889
8524
1249
1248
4883
12154
12153
8514
12147
1239
8507
12142
12138
4867
4866
12135
1227
4862
4861
4858
4857
12128
12127
1217
8489
1213
8485
1209
4845
12116
1207
12114
8473
8471
12104
12101
12100
12095
4824
8460
8459
1186
4821
4820
4818
12088
8452
12085
8450
8449
8448
12083
12079
1171
1167
8440
8439
1160
4795
1155
1153
12060
8423
8422
1148
4782
4775
8411
1137
12044
12040
12037
8395
1121
1118
8391
8390
4753
1113
4750
8385
1110
1109
12016
1103
8373
1100
1096
4732
4731
4729
1092
11994
4722
1083
4719
1081
8350
8347
1073
11974
4702
1063
1062
4699
4698
11966
1058
4694
11960
4687
8323
8322
11956
8320
11955
1045
8315
11948
11946
4675
1037
4673
4672
8302
1028
4661
11931
1022
11929
1020
8291
1018
4652
4651
8284
8283
8280
4640
1002
8269
985
8257
984
11890
977
11884
975
11881
11877
972
11875
11871
8241
968
965
4602
8237
4600
963
962
4594
8229
956
952
4586
8220
4581
8217
11848
11847
8213
938
4575
8210
935
4572
4571
934
11841
8204
931
4566
928
8193
8192
8190
915
8183
11816
908
4546
4545
907
4543
11814
8175
11809
900
897
8167
11801
4528
8163
888
4522
11792
8155
8153
879
4513
8147
11783
8142
11778
11777
11776
11775
866
11773
8136
4499
862
859
4494
857
856
854
11760
4483
846
8115
11749
8111
8110
838
11744
11740
832
11738
4465
4463
11733
8095
11731
11729
8090
8085
813
8081
4445
11716
804
803
8068
11707
8067
8065
4432
11700
793
4429
791
4427
8060
11693
787
11691
11690
784
4419
782
4416
778
774
4410
772
770
4406
4405
4401
11672
8034
4396
8030
752
4386
11657
4384
8018
11653
8013
8005
733
4369
4366
4365
4364
11632
7994
4358
7993
11616
7973
7970
11607
698
697
4331
7965
11600
4328
7963
11598
7960
687
686
7953
11587
11585
7948
11582
674
11580
11577
11576
7933
4302
11573
7932
11571
11569
4297
4296
7928
11564
656
11563
4289
651
4283
11554
7916
11546
11542
633
4269
624
11530
621
616
7887
7885
7880
7877
11515
4245
11512
4243
4242
4241
4240
4238
4235
11506
7868
7867
4231
586
7848
580
579
11486
576
4212
571
11478
11476
4203
7833
562
11468
11467
4195
11463
4184
4183
542
4178
540
4175
4174
4173
11442
533
11438
4164
7798
7794
523
4158
7789
11419
4147
11412
4139
501
11400
497
4134
4133
4132
4131
4130
4129
492
11397
489
4118
4117
480
11386
476
4111
4108
7742
11372
11371
464
4099
7732
4096
459
11364
7722
4084
7719
447
4080
7716
4078
11350
11344
7707
434
7703
7702
430
429
428
7699
423
422
7691
417
415
4050
7685
7683
410
7681
7680
4043
11314
405
4040
11307
7668
397
11304
4029
7662
7660
388
387
11293
7655
383
7652
379
4010
4008
11282
373
7642
7639
7638
11277
11276
11275
11274
7634
7633
7632
7631
3992
7625
11259
7621
11256
7617
7616
7614
7613
11248
7610
7609
11244
335
334
333
330
11236
3963
3960
3958
7595
11229
321
3954
11223
3950
7584
11220
11219
310
3942
3939
3934
11211
7574
3932
3929
11207
298
11205
11204
11203
294
7565
3926
3922
7557
11192
3919
7553
281
7552
3914
7546
274
7545
3901
3891
11166
257
11164
7527
7526
251
3885
249
3884
3878
241
11143
232
7503
7502
11136
228
11134
7497
3855
3854
7489
11124
7486
7482
210
7480
3842
7477
7475
11106
11104
196
7467
7466
11097
11094
11090
7449
11083
3810
7445
11078
11076
7439
11073
11071
3794
3793
7431
3791
157
7428
3790
11062
3787
149
11052
11051
143
3776
3773
7409
7408
11046
11044
136
7405
11041
3768
3766
3763
7398
125
123
3756
3754
7391
119
3753
117
11021
11019
11018
106
7374
102
7373
7371
11006
11004
3731
3730
7365
7363
7362
3722
3720
3715
7357
7356
3713
10989
81
7352
10987
7350
3709
10983
75
7346
7345
10980
3707
10978
3701
7336
10971
10970
61
10968
10967
56
53
7320
10957
10955
48
47
10954
10952
10949
10948
7306
34
7305
7302
3662
10934
3660
15
11
7281
7279
3640
1
7270
7269
3620
7256
10892
3617
10885
10882
3608
7238
7230
3592
3590
3589
7224
7221
3578
10850
7211
7209
10845
10844
3570
7206
3566
10837
7199
7194
3555
7190
7188
3548
7183
7182
10817
3542
10813
3540
3538
7174
3537
10802
3526
10798
10796
10793
7155
10789
3510
7147
10784
7146
10782
7144
7140
7133
3496
3491
7126
3482
10754
7117
3478
3471
10747
3468
10745
7107
10743
3467
7103
10740
10739
3465
10736
3461
10734
10733
3459
3456
10727
10726
10725
7088
10721
3442
3437
7073
3435
3433
7069
3432
7067
3430
10701
3426
7060
3422
7053
7050
10686
3411
7048
10683
7045
7043
3406
3403
10674
3400
7033
10667
10661
7024
7022
10658
7021
10655
10653
7012
10648
10646
7007
3362
6997
6994
6993
6991
10626
6989
3351
6984
6981
10608
10606
3332
6968
10602
3329
3326
6962
3323
3320
6952
3315
6948
3310
6945
3307
3305
3304
6941
6940
6939
3297
6936
10572
3295
6932
10569
10568
10567
3288
6923
6918
10557
6917
10555
10554
10553
6915
10550
10549
3275
3274
3273
10538
3263
3262
6898
3261
10532
6894
3257
10524
6887
3249
6884
10519
10517
3242
3241
3237
10507
3231
10505
6867
10503
6864
3225
6857
6855
10487
3208
10475
6837
6833
6831
3186
10458
6821
6816
6815
6814
6813
10450
10449
10448
6811
6808
3171
6805
3166
3162
6798
10434
10433
6795
6793
3155
10427
3154
3153
10418
3144
3139
10411
6773
6772
6770
3132
6766
6763
3125
6760
3122
3120
3119
10385
10384
10379
3106
3103
6736
3097
6733
10368
6731
10366
6722
10359
6721
10357
6717
3077
3076
10344
3067
6704
10340
6703
3056
10328
3054
3052
6689
6688
3046
3041
3039
6676
10311
10310
3037
6669
3030
10297
3023
6659
10293
6655
6646
3008
3007
10272
2999
2997
6631
6630
2993
6627
2987
6624
6623
2984
6619
10255
10250
6612
10247
10245
2967
6602
10235
6597
10231
6592
2955
6589
10225
6587
6586
2948
2947
6580
2942
6577
10213
2938
2936
2935
2930
10200
2925
6558
10189
6550
10185
10184
6547
2908
10178
2902
2900
6538
2899
10172
10171
2895
2894
2892
2889
10162
6525
10160
2886
2882
10152
6510
6506
10142
10137
2863
2858
10130
6493
10126
6489
6488
6486
6483
10121
6482
10119
10118
2845
6479
2841
2834
6469
10106
10105
2831
10103
10101
2828
2826
10083
6445
10081
10076
10074
2801
2798
6432
6431
2792
6427
2789
2787
6424
10059
2784
6421
6420
6415
10046
2773
2772
6405
6398
10034
2758
2756
6393
6392
10026
10023
10021
2742
10016
6379
6377
6376
10012
10010
2737
6372
6370
2733
2729
6360
9996
2722
2721
2718
2715
6351
6350
6349
2708
6344
6343
9968
9966
2687
9958
6317
9952
2678
2676
6311
9945
2670
9942
2665
9935
2662
9930
6293
9927
9922
6283
9919
9915
2640
9912
9910
2637
9906
2630
6264
6262
6258
6257
6250
6249
2609
6245
9881
6241
6239
9875
9873
2599
9868
9865
2590
6218
9852
2577
6212
9843
6203
2562
2560
2559
6194
2556
6192
2553
2552
2551
9823
6185
9821
9818
9817
2543
6177
2535
6172
9809
9808
9807
2532
2531
6164
9795
2522
9792
2518
9789
2509
9777
2502
2501
6137
9768
6127
9760
9758
6121
2484
2482
9753
6116
9749
2469
6107
6106
2468
9740
6102
2463
2461
6097
2460
2459
9729
2452
2447
6080
2441
2439
6073
6067
2428
6064
2427
9696
9693
9691
6049
9684
6047
2410
2407
6043
6041
9674
2401
9672
6031
6026
6025
9662
9661
2381
6013
2375
2373
9646
6009
2369
9639
2366
2365
9636
2363
2359
9628
5988
9625
5987
9623
5985
9618
2344
2342
2336
5977
2335
9611
9610
2333
9608
5970
5969
9605
2331
5966
5964
5963
5961
2324
5957
9593
2320
2315
5952
9587
9580
2304
5938
2299
2296
5931
2292
9564
9563
5924
5923
9559
5921
9557
9556
9555
2279
9552
5915
9550
2276
5912
2275
9542
5901
2259
9528
9526
2252
2249
5885
5883
9519
9516
5879
2241
5871
5869
9505
9499
5862
9497
5860
5859
2220
9490
5852
5850
5845
5843
2206
2203
5837
9470
2196
2194
9466
5822
5821
9454
5815
2177
9449
2173
2171
2169
5800
2163
2160
5795
2158
5792
9428
5788
5786
2143
2142
9412
9410
5773
5770
9406
2133
2131
5763
9398
5759
9395
9391
5754
9388
2113
5748
2111
2103
5738
9373
2100
5735
5733
2094
9366
5729
9364
5724
2084
9337
5699
5698
2060
9330
5691
9327
5685
2047
9319
2045
5679
9310
5671
2034
5668
2029
5660
9296
9295
9294
2018
9290
9289
2016
2012
5637
5636
5634
9268
1993
1990
9262
9255
1981
5617
5616
1976
1966
1965
1963
5595
1957
9228
9225
1950
5584
5583
9219
5576
9210
5570
9206
5568
9203
1929
9200
1924
5560
9195
5554
9190
9189
1916
5551
9186
1906
9179
9178
1901
1900
9171
5534
5531
5529
5526
1889
1888
1886
9152
5514
1876
1873
5509
5508
5504
9139
5502
9137
1862
9131
9129
5492
9122
9119
1844
5474
5472
5471
5468
9104
9098
9096
9095
9094
5457
9092
1818
5447
5444
9079
5441
1801
5434
5433
1796
5428
9064
5423
1786
9057
5416
5414
5413
1775
1774
5410
9045
9041
9037
9036
9035
1760
9029
9028
5390
5389
9025
1749
5381
9017
5380
1743
5376
9012
9009
1735
9004
1730
5365
1725
1722
5358
1720
5355
1715
8987
5350
5346
8982
8981
8980
1706
1705
1703
8976
1702
1701
5337
5336
5335
1698
8967
8966
5328
8963
1689
8956
1681
8952
1678
5314
5313
8948
5310
5309
5307
5305
5302
8935
1659
5297
5296
1658
8930
1654
8921
8918
8915
5274
8905
5267
5266
5265
1626
5259
1620
8892
5255
1618
1617
8887
1606
5240
1596
5231
5229
8863
1584
8854
1579
5213
8849
1573
8842
5203
5201
5200
8832
1559
5189
5188
5185
8819
5179
5178
1539
1536
5172
8805
5162
1524
5159
1520
5152
1508
5144
5141
1502
1497
5131
8768
8767
5128
5123
8755
12386
1473
5112
1470
5108
8745
8744
12379
12378
12377
12376
5103
12374
5099
8734
12369
12368
8730
1457
5089
8724
1450
8722
1448
1445
8719
1443
5081
8715
12351
8714
12348
12346
5072
1432
8700
1425
12333
8695
12331
8692
5054
12326
5053
1414
5051
12322
5049
1411
1410
5046
1407
5044
5043
1405
8673
12309
12307
5033
1394
1390
5028
8664
5027
8662
1387
1384
1375
5010
12281
12278
5005
5002
12269
8633
12265
8630
8629
8627
12262
1353
4988
12257
12256
12250
4978
8613
12246
1338
1335
1334
12240
12239
8601
4962
8599
8598
1324
8595
4957
8593
8590
12224
12221
11
398
69
2
367
76
101
11
98
384
53
140
