457
1378
1371
1370
453
452
1366
451
447
445
1362
1361
1360
443
1358
1357
440
437
1354
1353
1352
1351
1350
432
1346
430
1344
1342
1340
1338
418
1332
417
1327
1326
410
1324
1323
408
402
1318
401
1316
1315
1312
397
1310
394
1306
1305
1302
387
1297
1296
380
1294
379
378
376
374
370
1284
369
1282
367
365
1279
362
361
1275
356
1269
354
1267
352
1264
348
347
341
1255
339
1251
1250
328
1242
326
1238
1237
321
320
1231
1230
1229
1228
1225
1223
305
1219
1216
1214
1213
298
1211
1205
1203
285
283
1198
282
1196
278
277
276
275
1189
1188
272
1186
1185
270
1183
1180
265
259
256
254
1168
253
251
1162
1159
1158
241
1155
1153
1152
236
1149
234
233
232
228
1141
226
225
223
1137
218
1131
1130
215
1122
1121
200
198
1113
195
1111
1110
1109
192
191
1104
1102
1101
185
1097
1094
1093
176
1091
175
1089
1088
170
1084
167
159
1077
1076
157
156
1073
1072
1071
1070
154
153
1067
150
149
147
1060
1058
141
140
1052
134
1050
1049
133
132
1046
1043
1040
1039
120
1035
119
1033
1027
1026
1025
1020
1019
105
103
102
1011
93
92
91
1004
88
1001
997
994
993
79
992
76
988
73
983
982
69
981
67
978
972
57
56
968
966
962
960
46
959
958
43
953
39
38
946
28
938
937
23
22
20
17
927
12
11
10
9
8
919
3
2
915
0
913
909
907
904
901
898
897
895
884
883
880
879
876
873
872
869
866
864
863
856
855
854
852
851
849
848
847
842
840
832
831
825
824
820
819
818
812
811
808
807
803
796
792
789
780
779
768
765
764
763
760
759
758
757
742
734
733
729
725
723
722
718
709
708
707
705
696
689
1600
1599
684
681
680
1591
676
674
1586
1585
667
666
1576
1571
653
652
1565
1564
647
1557
638
1552
636
1547
631
1543
625
1537
1535
1532
1531
615
1526
1525
606
1521
605
604
1518
600
1514
598
1512
594
593
590
588
1502
584
1495
578
575
1489
1487
1485
1484
568
1480
564
1478
560
1476
1475
1474
1471
1470
1468
1463
1458
1456
539
1454
1453
535
1449
1444
1442
1438
1437
1435
520
518
513
1429
512
1427
511
508
1424
1423
1422
1420
505
503
1415
499
1413
496
1410
1406
487
1402
1401
486
483
481
479
1393
477
1390
1388
1387
1386
471
468
466
1381
1380
76
228
378
226
224
70
370
215
213
212
211
58
356
53
204
354
197
343
342
341
192
191
38
188
36
187
334
182
27
26
25
176
23
174
21
172
19
170
321
16
167
317
9
8
311
308
154
2
153
0
300
150
149
148
146
296
295
292
289
288
132
283
279
125
273
113
109
257
102
98
248
95
244
241
240
85
379
