505
1075
2076
5105
4094
52
3082
4090
49
1053
3067
7101
1038
7097
1032
1029
16
6074
1020
5056
1015
6059
6058
4036
1005
7062
6048
7057
5035
992
5027
5025
983
4009
1986
4004
6021
2986
5004
961
953
7013
2970
3980
7010
3977
4987
7004
3970
1940
3961
3960
6991
4970
4969
3950
4960
918
2938
6976
915
1923
3937
3935
5955
2923
5953
901
897
895
5945
1903
4932
6950
4925
883
881
6941
2897
5926
4912
870
1880
3899
866
4906
1875
864
3890
858
5906
5904
2871
2869
5897
1856
4884
6904
5890
3869
836
4876
4873
1839
4869
3856
823
4863
3852
820
5867
1822
809
3839
5859
807
5857
3831
2820
799
4838
1807
5845
1804
3821
3818
5837
3814
4824
781
6842
2801
1789
3807
6837
2791
2788
6825
3794
3791
4801
1768
5808
6817
6816
3783
4792
749
744
741
3772
6801
740
735
1745
1744
3760
5778
5777
723
5772
719
717
6778
1727
3745
1720
4750
4742
4740
5748
3727
695
6753
2709
2707
4727
1690
3713
4722
2701
1689
6739
2698
4717
674
3703
3702
6731
1679
1677
3695
6725
1672
2681
4689
648
6706
1654
638
1648
5688
4673
5682
626
2648
4669
3658
1636
6686
4665
620
3650
5670
3645
5664
6673
4649
1616
2624
3634
6663
3632
4636
595
1602
3622
6652
1597
4627
584
3615
3614
4623
3612
1584
2599
2595
4618
3603
4615
5625
3602
5623
4612
4608
5618
563
1573
3593
5612
2576
6617
5606
554
2572
5602
551
2564
5594
3567
536
535
3562
4573
4572
6591
1535
4564
6580
1528
4554
2531
6571
1515
501
497
2518
5548
6558
6557
1503
6552
4529
5537
2506
4525
480
5532
4521
6540
2498
6537
4515
5525
474
2490
6530
3495
1470
3488
2474
6514
4492
6511
4489
4487
2465
4484
5489
2458
6495
4470
6489
5478
4467
426
1429
6477
415
413
5463
1422
410
5453
6462
5451
3429
4439
2418
2417
6456
3418
4427
6447
4426
3410
5424
5423
370
1380
6430
364
4405
362
4403
1372
360
1358
6406
3375
343
2362
5390
5389
338
4374
2353
2349
4365
1331
4360
4359
316
315
4349
6366
1315
2324
2323
301
299
298
4338
1306
4336
294
3322
5340
6348
5337
1296
7355
1290
4321
6342
6340
7350
5329
3308
1282
270
1275
4307
2285
4305
4304
3291
7330
7327
6316
255
254
250
2271
2270
7319
3276
1255
7314
242
5289
3268
4274
2249
4269
228
7296
2245
1230
7289
7288
4254
3240
2225
6262
1211
1204
3226
3225
1201
3223
5242
4231
188
5239
1198
6246
2201
6241
7248
3201
167
1178
4207
2184
2180
3189
1167
4197
5205
153
2170
6210
5195
7215
4181
3170
2156
7207
4176
135
3163
2144
2139
5169
7189
7188
2137
7185
5163
6173
109
1112
7179
7178
3137
3136
5155
1110
2122
3131
7171
5150
7168
5147
6155
4132
6149
6147
2105
1094
80
3109
6138
1086
7141
2093
5123
4112
1081
6126
69
7138
4107
4106
4
310
10
386
353
