915
3192
5021
1357
6847
5016
5015
1349
1347
1342
1341
5002
5000
8660
4996
3163
6822
1323
6812
3148
8636
3144
6802
8629
8628
6797
8624
6793
8622
4961
3129
8618
1295
3119
6773
8602
1276
4938
8597
4936
6763
1268
3098
6757
3093
1256
3089
4918
8577
4916
4915
1253
6743
4909
4907
6738
6737
4903
6733
1240
1238
3065
3063
6723
8553
8547
3056
4884
1220
3050
1217
3047
3045
8534
8532
1206
3037
4866
6696
8525
4864
6693
8521
3029
1193
8513
4851
3019
10337
1185
1184
6673
8501
1178
3006
3000
8490
10319
8487
4825
2993
1160
2982
1151
1149
6639
8468
4806
10294
8462
1137
4795
1122
10272
10271
4779
6609
10267
1116
1113
4772
1110
1109
4769
1108
2937
6596
6594
10253
4760
4758
6581
8411
2919
4747
10231
8405
1084
10228
10226
10225
10224
1075
2908
6567
6566
8395
4734
4730
8390
6558
10216
4726
8384
4722
8380
6548
4717
2884
6542
8372
6541
1050
4709
1044
4704
6532
6530
8360
2864
8358
4696
6525
8355
2863
4693
1031
10179
4686
1020
4679
2847
2846
8336
6504
8334
1013
1012
1008
4664
10151
2831
999
4658
2823
4652
6479
8307
985
2814
2812
4643
6471
8301
8297
8294
2801
8291
6456
8284
6453
4622
8281
10109
8279
4607
6435
8262
10091
10088
937
2765
6425
2764
6422
8252
6418
927
10068
10066
8244
6413
2752
6411
8240
8239
2748
917
4575
6404
8234
6403
6402
10055
8230
4568
4567
4565
8226
8225
2733
6393
10052
10044
8220
898
896
2727
4556
8215
8214
10036
4544
6372
2710
2709
6369
2708
4536
10019
4529
10018
8186
8184
6354
10007
858
857
4516
853
10000
848
2679
4508
842
841
8160
2669
9985
2664
4494
8152
6322
2661
8149
9973
2653
6313
8137
2647
8135
2644
6301
810
6294
2632
4459
797
795
792
791
8109
788
6267
9926
8094
6263
768
9916
4426
2594
6254
761
6251
9909
759
8077
6246
9905
2583
4413
6240
8069
9897
8063
745
9894
6233
4402
4400
4398
737
9884
2563
9880
2561
730
8045
4379
6204
6203
2542
8027
2537
6197
2535
2534
703
702
8021
2530
4356
9840
2517
6175
9834
8001
6170
9825
9823
6164
6163
2502
2499
2496
4326
9815
664
4323
662
7981
660
658
9801
4311
645
643
7959
4299
2467
6125
4294
7952
9781
2461
9780
628
9776
6113
624
623
7941
4274
2443
606
4266
6095
2434
9752
9751
600
7917
7915
4254
4251
590
588
6077
9732
9731
581
9728
6064
6063
6060
7894
7892
2402
9720
570
9718
4226
6054
562
4223
2392
561
9704
9701
4210
7868
7862
542
6029
4199
9687
7855
9683
4191
2359
6018
6012
6009
6006
4178
9664
515
4175
2344
2334
2332
7820
499
7818
9646
9645
2325
4154
2321
7802
480
4139
5968
2307
4136
474
5962
4132
2300
5953
7783
4122
5944
4112
9599
4108
7766
5933
2272
440
2270
2267
7756
5923
430
9578
7747
9576
2252
5910
412
2240
2238
403
9552
7719
9548
5882
5875
2221
7709
389
2218
387
7705
7704
2214
9532
7701
4037
7695
2203
9522
4031
4029
7689
7684
7681
9511
360
2188
9504
9503
353
4011
2179
7668
9496
5834
7664
2170
3997
5823
5819
5815
9475
5811
9471
2151
9469
310
2140
9452
299
2127
7615
3949
7610
3946
5778
287
2116
5772
7602
9431
2109
7593
9423
7587
2096
7583
7578
7576
3913
3905
5736
2075
7563
3901
240
9387
2068
2067
230
7549
7547
5715
7545
2054
223
3882
9371
2049
2048
7537
5706
215
214
5703
2042
210
7529
9357
9356
5694
9354
2030
9350
2029
2026
5684
5682
7512
5681
2019
5679
5677
3846
3844
7502
7501
3839
9328
9326
1998
167
1991
5648
5645
9305
9299
1977
3800
7460
5628
7456
129
9277
5615
1954
7441
9266
3773
1941
3771
9258
3767
1933
97
1923
95
3753
9242
92
1914
7410
3748
88
5577
1906
1903
1902
3740
3735
81
5570
79
3734
5567
3732
9225
3730
3729
5562
3727
9220
5557
68
9217
9216
3724
7383
9212
60
7379
1887
3717
5546
1880
9202
1877
5540
9199
1874
5537
7366
5534
44
1871
1859
1857
5516
7345
9176
25
5514
3675
5506
16
9165
3674
9163
1837
5497
9160
9
7328
7
3666
1831
5494
3660
2
9151
5490
7312
1819
5479
1816
9135
1812
3642
9130
3637
9126
3633
1801
7289
1794
3626
3624
5453
7283
9111
7280
5447
3615
3613
3612
3611
7265
5433
1772
3600
1767
5426
9085
3590
9079
1758
1757
9076
1752
1750
7241
9070
1749
1746
9066
1741
1740
1738
1737
1736
1732
9051
5389
3557
7216
7214
3553
9041
7210
5378
7208
1717
1716
1715
1713
9031
9030
7195
3531
3526
5351
7181
5349
9006
3514
3511
5337
3504
7162
7158
3495
8983
3490
3487
3485
8975
1654
8970
7133
1640
5293
7125
7123
8954
8953
7122
1628
3458
3454
3453
8942
8941
5279
8929
5266
1603
3431
5261
5260
5258
1596
3423
8912
5247
7074
3413
3410
5227
1564
3394
7048
5217
1555
1551
1549
5206
1545
7034
3372
7032
7030
3365
8848
1515
3347
8836
8835
1514
1511
5170
3336
8826
5161
8823
6991
8821
1498
8818
3323
3318
8808
1480
6969
1474
3302
8792
1471
3298
3296
8781
3286
8772
8771
8770
5108
5107
5103
6931
3267
6918
1427
6916
8741
3249
6907
6905
8733
5072
1411
1410
5061
5058
8714
3220
3214
6873
8701
6865
1370
6856
3195
3193
2
85
58
