510
326
1346
1343
1342
321
2360
318
2354
311
309
2349
307
1325
2343
1322
299
2338
297
1314
2334
293
291
1311
2328
1306
283
1304
1303
281
2321
2319
1297
275
267
265
2304
1282
2302
1278
1274
2292
1266
243
239
237
1253
227
1248
225
2266
2265
2263
1240
2259
1237
215
1235
1231
207
1226
2247
2246
1220
198
2237
1215
2235
194
2233
191
1204
2224
2223
2221
1198
175
172
167
1189
1188
2207
1184
2204
162
1182
159
2198
2195
2193
1171
1170
2190
2188
147
1165
143
1159
2178
2176
1155
133
2172
2170
2169
2168
126
2165
2160
114
112
1135
2155
2154
1133
2152
2151
110
2149
108
107
103
1122
101
99
95
94
92
2131
2130
88
2126
2125
84
1103
1102
80
76
2116
75
2114
73
1092
71
69
65
63
2103
61
60
1080
1079
1077
55
2095
2093
52
1071
50
2086
45
1064
2083
2081
38
35
1052
2071
2066
1045
23
21
19
1040
18
17
16
15
14
2054
1033
2045
5
1020
2039
2038
1016
1015
2031
1006
2026
1002
999
2015
992
988
2008
2004
978
1997
1996
1994
966
964
962
960
1973
952
1971
950
949
946
940
1959
1955
934
1952
930
1950
922
921
1941
1939
917
1935
912
1928
905
1926
1925
1923
896
1915
884
875
1892
871
868
866
1885
864
859
856
843
1863
841
840
1859
834
1850
827
823
1840
1830
1828
1827
1824
802
1822
1819
1817
791
787
785
783
782
1794
768
1788
1787
765
763
760
1778
1777
1768
1761
1760
739
738
732
1752
1751
729
724
720
1738
1736
1735
1733
710
708
1727
706
705
1717
696
689
1708
686
685
684
1700
1699
1690
1688
1687
665
664
1677
1676
653
1667
642
640
1660
637
1656
1655
633
2673
2669
1645
2664
622
1641
1639
2658
2654
612
1631
610
607
2642
1621
2639
2636
595
2634
1609
2626
1605
2621
576
1593
1590
2611
2610
2604
2601
559
1579
558
1574
2593
548
547
2588
544
2586
542
1563
2583
1562
1561
2580
2578
535
2573
1549
2571
2570
2569
525
1546
523
1544
2563
1542
1541
520
2559
1537
516
1532
510
1529
2549
508
1527
506
2545
503
2538
497
1515
1513
2533
1510
487
2525
484
1501
477
2520
1497
2518
2517
476
2515
2510
465
462
1481
1480
1479
455
1472
2489
445
2485
1461
437
436
435
1457
433
432
2474
1453
2472
2470
1448
1446
425
424
2462
2460
417
2457
2456
413
2453
410
409
405
2449
403
2447
2446
400
2444
1422
398
1421
1420
1418
1416
2437
2436
389
2433
388
1411
1407
2429
1406
1405
2426
2425
2423
381
380
377
1399
2418
375
2416
1393
2414
2413
1392
368
1387
1385
364
362
1382
2401
359
1379
357
2396
1374
1371
1370
2392
2391
2390
1369
1367
344
2383
338
1359
1358
337
335
334
2373
330
5
21
78
37
55
33
