1129
13659
13658
9142
107
4622
13647
13646
9132
6872
99
4613
97
13642
2349
13636
9120
9119
6861
9116
13631
82
13627
13626
77
11359
2325
13613
6834
52
50
4565
6820
45
13590
9075
11326
6815
6814
11324
6810
4552
36
35
11322
33
6806
9062
4546
28
11317
26
11315
9050
13563
4532
6789
10
4524
6778
13549
2255
13543
13542
9026
11280
9022
11279
9017
9016
9015
2241
6753
2238
2237
2234
13523
4490
11257
2222
2215
4472
2213
11243
2207
4460
13491
13489
13486
2196
2195
8965
11221
8962
8961
2183
8954
6695
2180
4437
8951
6693
8947
2173
13456
6683
11198
11197
4420
11191
13448
13443
13442
6665
4403
8913
8912
8911
2137
4392
11165
13416
13415
8902
8901
13410
2125
11154
8897
11151
11150
11148
2119
11147
4375
4374
8888
6630
2112
2110
4367
2108
8881
8878
11134
8870
13383
2090
2089
8858
13365
8848
11103
4325
6581
13353
2062
13348
13346
4312
13342
4310
4304
6561
4301
2041
2032
8811
6552
13323
4292
11065
8806
6547
11062
6541
6540
4282
8796
13311
11044
11043
6527
8777
13290
11031
6514
4256
1996
13285
11019
8761
8755
6496
8751
6493
6492
11007
11005
4231
8745
1967
10996
4221
4213
8728
10985
1952
6466
4207
6463
8718
10973
4198
10970
8712
10963
6447
1925
1919
10952
4177
8687
8686
13201
13197
6411
13184
1892
1889
4147
1888
6403
10918
4142
13171
6397
6396
8653
1877
6393
6392
10907
8648
6389
1872
13161
6383
4120
8634
1858
6373
4115
4114
8623
1846
13136
8618
8614
10871
4095
6351
1828
13118
6346
10861
10860
1826
4073
10846
1807
10840
10839
13091
1797
8572
6314
8571
1794
10824
1790
6304
6303
10818
10815
4035
8548
8546
4024
4014
1757
13047
6272
6268
10783
10782
6264
13034
10777
6260
10772
6254
3989
8505
8502
6242
13014
3981
1721
10751
3971
1710
10740
6224
6222
12991
10734
8475
12985
12982
3943
12974
8453
6195
12962
12960
8443
3924
10692
10691
6175
10690
3914
6172
12942
3909
12940
8422
3905
3903
3898
10672
12926
8410
1628
6143
8400
1623
10654
1621
12910
12906
12904
12903
6127
12900
6125
1608
10639
8371
10628
10627
12884
6108
8366
12876
6099
1579
10609
8349
8346
12861
6084
3820
6077
1559
1558
12848
3814
1553
12839
10581
8316
3793
8309
8308
12822
10563
10560
1524
6039
8295
6029
6027
6025
10547
3769
12802
10544
8285
3767
12799
1505
8278
10533
8271
3753
1493
10524
8265
8264
6001
12777
12776
1485
5998
10515
3740
3738
12770
10511
5994
1476
8250
10499
5982
5980
1457
8232
10489
8229
5970
1453
10483
12737
10479
3701
10475
5958
5951
10465
12722
1429
3686
8200
3680
8196
12709
12699
8181
10438
14948
14946
1395
5908
12680
1387
14933
10417
10412
1378
14926
5891
12663
10404
10402
8141
1367
14915
8138
1364
8133
5874
12645
8127
8124
12641
14898
8120
5859
5858
5857
14893
3602
12633
1341
14889
8112
10370
1336
8108
12619
10359
1326
12614
8095
1320
1319
5832
14865
1316
1305
3558
12592
14848
14847
12589
10329
3553
5809
3548
12580
10315
12567
10296
12552
8035
12550
3517
3512
3511
10282
8021
3502
12534
10275
5758
8012
12528
3492
10267
14782
10263
14778
1226
1225
10257
5740
14767
1218
12504
10247
10246
12502
1210
10242
5724
12498
12496
7976
1202
3458
3456
3455
10223
12484
1192
1191
14739
1189
5703
5702
1186
14733
14731
7956
3437
12469
7946
7945
14716
1166
12456
10194
3420
10191
10187
5671
7923
14697
3403
12434
14686
12428
3394
7906
1132
5647
7904
12419
7899
3384
12416
1125
7896
3380
7895
10146
12407
1116
5631
7887
12403
3370
1111
12400
10141
1108
3364
5620
7877
7876
7874
10128
14642
7865
14639
12377
5599
12373
3340
1078
12366
7848
3328
14618
7842
3326
10098
10096
14610
7830
1055
14602
14597
10074
7820
7819
12334
5556
3299
14589
3298
5555
5551
14585
12326
1035
12320
5544
3286
5538
14570
14566
10049
14563
14560
3267
1009
7781
12295
5516
3257
997
5512
7769
994
14541
992
10021
14537
10018
3244
7751
7748
9999
9995
14516
7741
7738
7736
964
3220
14510
7731
9987
14500
12241
949
3203
945
9974
3198
938
9969
5452
12221
5449
3190
7705
5446
7700
921
5436
5435
12205
7683
14456
9928
899
3156
3154
14444
895
9926
12182
3149
3148
5400
14433
884
5389
12162
3129
12158
3125
9896
9894
859
858
14406
14405
12145
7627
3110
851
850
14398
9875
5359
3097
836
7609
9865
14381
12120
829
827
825
823
3080
821
819
14366
14360
5324
5322
3063
805
14347
7571
9827
7566
5307
5306
14339
14338
14334
12077
3044
784
7557
14324
9806
14314
12057
7539
7538
5280
764
762
14307
759
3016
12047
756
14298
9786
5268
752
7525
750
12038
5262
3003
14291
12028
2994
12024
12016
12015
7499
7497
719
2973
14261
5229
14258
710
5222
706
9736
11993
702
5216
2953
14241
9724
9723
2948
9720
11976
9718
9717
5200
7456
2940
11971
11970
679
7451
14222
14220
11961
7444
5186
2927
9699
7438
9693
7436
9691
5175
659
2913
5167
653
2909
651
14195
7422
648
2905
2904
7417
14187
9671
7407
9660
14174
5142
7398
14167
616
7389
9646
5129
14159
11900
9642
14157
9640
14154
11892
7377
2861
5118
14147
11888
11887
5111
11883
5109
9622
9618
585
5100
7357
5097
581
9612
2824
565
14112
2816
11847
11845
2813
7328
5069
11842
5067
5061
9575
14090
11828
9568
2793
11822
7307
5048
9563
9562
5045
527
2782
11810
518
14064
7289
14062
5027
2769
7284
9536
2760
11791
500
7270
11784
5009
9524
7249
2734
2733
7244
11755
2723
11754
7236
2718
2708
9479
11734
9473
7215
13988
4954
2696
13984
7208
4950
7205
2688
11718
4942
426
9452
2678
2673
2670
11699
2667
11697
11696
2664
403
13949
11688
2657
9430
9426
393
388
9416
383
9414
13928
9411
7153
7152
2634
7149
2632
13920
11662
4887
11658
366
7138
4880
4879
13910
359
7131
356
13899
11641
2609
7124
13897
9377
9374
2600
7115
338
9369
335
2591
331
11616
327
9358
7099
2582
318
13861
11603
7088
314
4829
7086
11601
13858
13854
7079
303
13848
9331
4815
9327
295
4810
9322
13834
4803
11576
7059
13831
13829
2537
7052
9304
13818
2528
7042
9298
7039
4779
11550
11549
9290
11545
9287
4771
13802
11541
9279
4756
13787
9269
2495
4752
11524
9266
9265
9264
11518
11517
7003
11516
9259
7000
224
9253
4736
2478
11507
9250
4733
9247
9242
2468
13752
201
9229
4713
193
11480
189
2445
4699
11470
4691
13713
171
11460
13704
2426
2425
6940
6939
9194
4679
6934
6932
4676
159
4674
9188
6930
13703
2406
9178
146
142
9173
11428
6913
4654
2395
13677
129
13675
2385
2384
9156
13667
9148
2374
3
251
14
221
