1929
2909
2908
6766
6764
10622
2904
6762
10619
10617
6756
10614
2894
6746
10603
2884
10599
10598
2881
2879
2876
6734
6733
10590
2870
10584
2864
10580
2861
6718
6716
2857
2846
10562
6702
10560
10557
6696
6690
2826
10540
2820
10535
2816
10530
2810
6669
10526
6666
2806
10522
2804
6662
2800
10514
6655
2796
10509
10502
2785
6641
6640
10498
2776
10489
6630
2770
10485
2766
6625
6624
2765
2763
2762
6620
2760
2753
10470
6610
10468
6609
6608
10463
2746
6602
10458
2736
10451
2730
2728
10444
2719
6577
10434
6575
6568
6567
10425
2707
6561
2702
6558
6557
6553
6550
6547
10402
2685
10400
2683
6539
10395
2677
2671
10382
2665
10378
10376
10375
2658
6508
10365
6506
6501
10357
6495
2634
2631
2630
6487
6485
10339
6479
6476
10333
6473
6471
6470
6466
2604
2602
2601
6461
10319
2600
6459
10316
10314
2591
2583
6440
2579
6437
2576
10289
6423
6418
6417
10274
2555
6411
6408
2549
2544
6403
6402
10256
2539
2537
6394
10252
6391
2530
6387
6379
6376
10234
10233
6366
10222
10219
6359
10215
2494
2492
10207
10206
6346
2487
6339
10197
6338
2479
6336
10193
6331
10189
6328
2464
10176
2455
2454
6310
6307
10164
10162
2440
10156
2438
10153
6293
2434
2429
6284
10140
10137
2418
10135
2417
6275
6272
2409
6266
10121
2403
6261
10117
6257
2397
2395
10110
2387
10103
10100
2382
10095
2378
2371
6227
6226
6225
6224
2363
2360
2359
2356
2355
10069
2352
10066
2349
2347
6203
2344
6201
6199
6197
6196
10054
10051
2331
6190
6189
6185
10042
2325
6182
6180
2321
6176
10032
10031
2310
2305
2293
2292
10012
10011
6152
10009
6150
2289
2287
6144
2276
2271
6130
6129
9987
9983
2265
6123
9979
2261
2259
2255
2253
6112
9970
6111
2251
9965
2248
2245
2242
9955
2237
2235
9951
6089
6087
9945
2224
6079
6078
9936
9934
9932
6071
9930
9929
9928
9927
2210
2209
2204
6061
2199
2198
9915
9914
6050
2189
9906
6047
6033
6025
9883
6024
2162
6021
2160
6018
9876
2159
2156
9872
6011
9869
2151
9865
9864
2147
2142
9857
9856
9855
9854
9851
9850
5991
2132
5989
2128
5982
9840
9838
9835
9834
5975
5974
5973
5970
9828
5969
2110
9820
5959
5958
2095
5954
5953
5950
2088
9803
2086
2083
2082
5936
9788
5929
9785
5922
9779
5919
2060
5916
9772
2053
5907
2044
5899
2039
5896
2034
5890
9746
2028
5886
5884
2024
5878
5877
9735
5871
5869
2010
9723
2004
5860
5859
9717
5856
9710
1987
5844
9703
9702
5842
9698
9697
5834
5833
5826
9684
9682
9681
5816
9664
1947
9657
9655
1937
5790
5787
9646
9645
1923
9640
1922
5780
5777
9632
5769
5768
1907
5764
1904
9608
9602
9601
5741
1879
9596
9595
1875
5733
9586
1868
5720
1859
5717
9575
1858
9573
1855
1851
9569
9568
5708
5707
9565
1847
5705
5703
9560
5699
9557
1837
5695
1834
1831
5690
5689
5684
5677
5674
9532
1807
9524
9523
5662
9518
1796
1790
9508
5648
9506
5643
1780
5639
5638
5629
9487
9484
5624
9479
5620
1760
1756
1754
5609
1747
1746
5606
9463
9462
5602
9460
9459
9458
9457
1735
5592
9447
9444
1724
5582
9436
9434
5575
5573
1714
5571
1709
9424
5565
5564
5562
9419
1701
9417
1699
5557
9413
5553
5552
9408
1690
9399
5538
5537
1672
5530
5525
9382
1664
9378
9375
1655
5510
5509
1645
9364
5503
9362
9361
9359
9358
1640
1638
9354
9353
1635
1628
5487
5486
9337
1618
9331
1608
1603
9319
1602
5457
9311
5452
1591
5447
9305
1586
5443
1584
5434
5428
5425
5420
9277
5418
5417
5414
5412
9268
5408
9266
1549
5406
1546
9260
5396
9253
1536
9251
5388
9246
5386
1527
9241
5376
5375
9233
1516
9230
5369
9226
9222
1503
5362
5361
1500
5355
5354
5351
5350
5344
1479
5340
9198
5337
9196
9195
1477
9193
1474
9190
5327
9185
9184
5323
9180
5320
1459
1455
5310
5309
1449
5307
1444
5300
5298
9146
1426
5284
5278
9136
1416
5270
5269
9127
5267
9124
5264
5263
9117
1399
9115
5255
9113
9108
1391
5248
9103
5243
5242
9100
5240
1380
5237
1375
9091
1366
9083
9082
1361
5220
5219
5216
9074
1351
1350
9065
9061
5202
1341
5200
9057
5195
9053
9052
9049
9042
5183
5182
1323
5179
5178
1316
5174
5170
1309
5165
9024
9023
1305
9018
9013
5154
5152
1292
1291
8998
1279
8995
8992
5133
5130
8987
1268
1259
5122
8979
5119
8977
8976
8975
5112
8966
5105
8963
5099
5098
8956
1239
1236
8950
8947
1222
5078
1217
5076
8933
5074
1212
5068
1204
5061
1201
1199
8915
5055
5054
1193
5051
5050
8906
1188
8902
5042
1180
8892
5031
1170
1167
1166
5024
8879
5020
5018
1157
5012
5011
8869
5007
5005
8860
1143
4990
8848
8841
4978
8833
8829
1112
4969
4967
1102
8818
8815
1095
8811
4951
1091
1089
4946
8804
8801
1083
1080
4936
4934
1067
1066
4929
4928
4927
8784
8783
8782
8779
4920
8777
1060
1055
8771
4906
4905
8759
1037
1035
8751
4892
4890
8747
4888
4886
4885
1025
8740
1020
4877
8735
4876
4875
1016
1015
4872
8725
1003
1002
8718
1000
997
4857
995
8713
4854
4853
992
4851
4849
4848
8706
4846
4841
8695
8694
975
974
8691
4832
4827
8685
4821
4819
8676
958
956
4802
4798
935
933
4789
930
4786
4783
4782
923
919
4773
4772
8631
8630
4771
8624
8620
8617
897
895
893
4746
8600
4741
8596
872
4733
4732
8589
8588
4727
868
866
4724
4721
4720
8576
857
855
4714
854
4712
850
8567
849
8565
8564
4704
4703
4696
4693
8549
831
828
4686
8541
4681
821
8535
818
8530
4670
8527
809
808
8524
800
8514
4651
4650
4649
8504
784
4641
8499
4636
773
771
769
4632
8489
8488
768
4628
8485
8484
4620
761
4617
8474
8472
4612
12324
747
8464
745
12320
12319
741
4600
4599
8454
735
8449
12307
729
4587
8446
4586
4585
4584
12300
12299
8437
8436
4576
8434
714
713
12283
12279
12278
709
8424
704
8422
4563
8420
8418
4558
12272
4556
12271
4553
8407
4545
4543
682
681
8397
12253
12244
675
674
8392
673
4531
8389
672
671
8386
669
12241
4525
664
8380
12231
658
4516
8374
656
4514
12226
4510
12223
4508
4507
8362
12218
644
4501
12214
8357
12213
639
12203
633
4491
8349
12202
12201
12196
629
8344
4485
625
4483
624
4481
8338
12194
12193
12191
12190
4474
8330
8327
610
4467
4465
4464
4462
8321
8320
12174
602
4459
600
8315
595
589
12162
587
4444
12159
12157
4440
577
12146
4433
4432
8289
12141
570
569
4427
12140
8283
566
563
4421
8279
8278
4419
12134
4417
4415
4412
4408
12122
4406
12117
4398
4397
8252
12105
530
528
8244
12099
12097
524
12095
12092
4379
520
519
8234
516
512
4369
12078
505
8224
8223
504
502
8220
4360
8218
12073
12070
4352
12064
12062
489
4347
4346
8204
12059
12058
483
4341
482
8196
4335
4334
8191
473
12045
4328
469
8183
467
4318
8175
8169
457
8166
8165
454
8163
4310
12024
12022
447
4306
4305
8160
12016
441
8155
12013
12011
4295
8150
4292
4290
8147
4288
12003
8142
8138
425
8137
11997
11996
4279
8136
8133
8130
4275
11990
4273
414
409
11976
11975
404
402
4260
401
400
8115
8112
8109
4253
4252
4251
4244
4243
8099
8096
8086
11951
11949
11944
4232
4231
372
4229
370
11942
8082
8075
8071
11935
11933
11932
360
359
357
355
4214
4213
354
11926
351
4206
11919
344
4198
8046
8043
4185
8041
4183
8038
11896
4179
8033
8032
11888
316
315
314
8029
310
11882
8015
4157
4156
11871
8012
11868
4152
293
4149
289
7999
282
11855
278
7992
7988
271
7985
11840
4123
4121
260
7970
255
4113
11828
11825
4108
7963
247
4104
7958
11816
4099
11813
4094
4090
7948
233
232
4087
11804
7945
228
11799
4081
223
11795
4074
7929
212
7923
11782
207
4062
4060
7918
11776
202
4059
11774
7914
7913
11768
11767
192
189
188
7902
4043
7900
4040
4038
180
7894
177
176
4031
4029
171
11742
169
168
4022
7880
7874
7873
7871
11729
4010
7866
7864
11722
147
11718
11715
141
139
138
11710
11709
3992
11707
130
3985
7842
11699
11698
7837
120
119
11692
3974
7832
114
7827
3968
11682
3965
106
11679
3960
7818
11676
101
11671
3952
3950
11667
3949
11665
11664
3947
78
3932
7791
11648
3927
11646
71
3923
3919
7780
11641
66
11639
11638
11637
3918
11635
60
7775
58
57
3913
53
7767
3908
11621
44
11617
3897
7755
3893
3891
33
3890
11603
26
3883
3882
7736
3874
16
7731
3869
10
7722
8
11581
11580
5
3859
3855
3854
7713
3852
7711
3851
7709
11564
3844
11560
3843
3841
11555
3838
3836
11548
7688
11546
7685
11540
3821
11537
11536
11535
11534
3816
11530
7670
11522
3800
7662
7659
11518
7658
11516
11514
11511
3794
3793
7645
7644
7640
3781
11493
7632
3771
11488
7629
7627
11485
11483
3762
7620
3761
3757
3755
7613
11470
3752
11468
11465
3747
3746
7604
11458
7598
11456
11454
11453
3736
11451
3734
3730
11445
11443
3725
3717
11437
7578
7576
7575
11433
7571
7569
11425
11424
7565
3705
11421
7562
11418
7557
11415
3698
3695
3693
7543
7540
7538
11394
7535
11392
3667
7525
7523
7519
7517
3656
3654
7510
3646
11361
7501
3638
3637
7495
7494
11352
7490
11347
11346
7486
7483
11341
7475
3613
11328
7468
3607
3605
11321
3601
11313
3594
11309
3592
11307
3585
3584
3581
11297
7438
7437
7436
7435
11291
3572
11279
3561
7416
3555
3554
3553
7410
3551
7407
7405
3540
7398
7394
11249
11243
3526
3521
3519
7367
3507
7363
7358
7355
3496
7352
11210
7350
7346
7334
7332
11190
7331
7327
11181
7321
3460
7318
11176
3456
7311
11169
3450
11165
3448
11163
3444
7301
3440
3439
3436
3432
7291
11148
3431
7287
3428
7285
7284
7280
11137
3419
11134
3410
7268
7262
11116
11114
7255
3389
3387
3385
11098
3378
11093
7231
7230
11087
11086
7227
7224
7223
3363
3362
7214
11071
3346
11063
11062
3345
7202
3340
11057
7198
7196
11054
3336
3332
7193
11050
7191
7190
11046
7184
11042
11038
3317
11036
7176
11034
11033
3315
7173
3313
7170
11027
11023
3303
3299
11018
3298
3297
7157
11014
7155
3291
7142
11000
10991
3267
3266
7126
7124
10983
10982
7118
10976
7116
3253
10970
3252
3251
7109
3248
3247
10961
7101
3242
7099
7097
3231
3230
3229
7088
7087
7085
3225
7082
10940
7080
7079
10936
3215
7074
3213
7071
10929
10926
3203
10912
7048
3189
10904
3183
7040
3181
10896
3179
7035
10892
10890
3172
3171
3168
10883
7020
10878
3160
3158
3155
7016
7015
10872
10871
7009
7008
10866
3149
10861
3140
6995
3133
3129
6990
10847
6987
10845
10841
10839
10833
3116
6972
6971
3110
3100
6954
10812
3091
10806
3089
3086
6939
3077
6934
3073
10789
6930
10787
10784
6925
6924
10781
10777
10775
3058
10767
3049
3047
6899
10757
3038
6896
10751
10748
6886
3026
3025
10741
3023
3020
3019
10735
6875
3016
6866
3007
3000
6858
2996
10712
10709
10706
2989
10704
6844
2985
6838
10695
6834
10692
2973
6832
2972
2970
6829
10686
2968
6825
2963
6820
10680
10679
10678
10677
2958
6811
10669
10666
2948
10662
2945
10660
2940
2938
6796
6795
10649
2929
2928
2927
6779
10636
6776
6773
10
334
53
330
349
143
164
83
22
0
276
