1034
274
6473
2337
2336
10607
266
10602
10600
4398
2330
10598
6463
4395
6462
4390
254
6455
250
2316
6451
10582
8512
2305
4371
228
2294
6429
6428
8492
4356
10552
8488
4348
2282
214
213
2279
211
10549
8481
8478
6409
205
10542
2270
6405
10536
8470
10535
196
195
194
2259
4325
8460
6391
6385
179
6381
2245
10513
10512
4310
2241
6376
10511
4303
8438
159
4294
4292
10495
6357
10488
151
10487
8421
148
6351
8413
8409
2207
6341
137
4271
10473
6336
8403
2196
4263
8397
2191
10462
10461
6324
10455
4254
117
8387
4251
6318
2181
112
2178
2176
2173
4239
102
10439
2165
94
10429
6295
6292
90
2157
88
8357
4214
2144
2136
8333
2130
6263
2127
59
10396
8322
48
8318
45
43
8314
8312
10377
4174
8308
8307
4171
10374
4167
8293
22
8292
2088
10359
4150
10350
2080
6214
2078
6211
8278
10345
10343
4139
2068
0
4135
2066
2058
10329
2055
2051
2050
4115
8250
2045
2044
2040
2039
2037
2036
2027
8227
6155
4083
10287
4078
2009
2007
10280
10279
6140
2003
6136
1999
1998
1997
8201
6130
8197
10261
4050
8185
4041
8161
8160
6091
1956
6090
4022
8156
1949
4014
10216
8146
1943
4010
10209
1937
4004
1933
4000
10194
10193
3985
10187
6051
8118
3980
8114
3976
3974
3970
1901
8103
10169
3962
6026
3958
10159
3953
10155
8087
8086
6012
10140
6003
10134
5995
1860
1859
8059
5991
10124
1852
3912
5978
1840
1839
1838
5973
3904
8039
5966
5955
1819
10089
8020
3884
5946
8012
1804
1803
8004
5932
3864
10064
10061
5925
3857
1788
3852
10053
3849
7984
10047
3845
1777
5912
1775
5910
1773
1772
1771
5903
10037
1764
10034
10032
10029
3825
5889
1753
7955
5886
10016
7946
10010
3807
1738
10009
3800
3795
9993
1719
9989
7920
7918
5848
7912
3778
1709
5844
3773
3771
1700
1692
7894
1690
1689
9958
7887
9954
1680
7882
7881
3741
1673
9940
5800
3726
1652
3717
1641
3704
1635
1633
9904
3697
3695
5761
3692
7827
7823
7822
9888
1614
3681
1601
9866
9865
9861
9860
7795
5730
3661
3659
1591
1590
7793
1588
3655
7790
7785
5715
7781
7780
7779
1571
3636
3635
3633
7768
7765
5698
5697
5690
9824
7754
5684
5683
5680
3612
5678
5676
3606
5668
1528
9789
1514
9785
1511
3574
9776
9772
1499
7701
3560
9756
3549
7683
9750
3543
5603
9736
9735
5599
1463
5596
7662
5593
3524
1445
3511
9714
1441
9711
7643
1438
9699
5560
3492
5552
3482
7617
7612
1408
9677
1406
7609
7603
3466
1395
5528
1393
3460
5527
9662
7593
7592
9658
1383
9653
9649
5513
1376
1374
5508
3439
1371
1370
3437
9639
7571
7570
3432
1362
3426
3424
7559
7556
3419
7551
5483
1347
3414
9617
5479
3411
9608
7535
3389
9591
5455
7518
7515
3376
5443
5440
7506
3370
3366
7496
3359
5426
5424
3354
3349
3347
5413
7480
3342
7472
1267
3332
7466
7465
3328
1260
7462
3326
7460
5387
1250
3315
7449
3307
9508
1235
7436
5368
1230
7431
3290
1219
3284
9484
5349
1212
5341
3272
5338
7402
1198
7400
5330
9462
9461
7391
7389
1180
3247
3243
1175
1172
7374
5306
1168
1167
1166
5301
1164
9430
9429
3225
9422
7352
5287
5285
3218
1149
3216
3211
9414
9412
3204
3201
3197
9399
1127
7329
5258
9393
3188
3184
1114
7316
5245
9380
3175
3172
9375
3162
7290
3153
5217
9346
5214
5208
3143
3142
1074
1073
1072
5204
1066
3132
1063
1062
7262
5194
7259
9324
5189
7256
9323
5185
9320
5183
3110
9308
7240
3104
1034
5168
1030
3097
7232
7230
1026
3093
5160
1022
5156
5153
1018
3085
1014
9280
9278
1003
5138
7204
7203
7199
3062
5125
987
7188
3051
983
978
5111
974
971
5106
11302
5099
7164
5097
3028
3025
11290
7154
950
11281
7151
5083
7149
945
9214
943
5078
11280
5076
938
11273
5070
5069
933
11271
930
5065
5064
9199
925
923
11262
11261
11250
5051
9185
9182
9181
5047
5046
9177
2976
907
7109
2972
904
5035
899
5034
5031
2960
891
9162
886
2950
9150
2948
879
5014
7081
7080
11203
7074
5006
11201
5004
9136
7070
5001
864
2931
7066
861
11199
9131
11196
7060
4991
2923
853
11191
11182
11178
11177
7042
4973
9104
7035
7034
11166
9097
2892
824
11162
820
4955
11157
9089
9087
7019
7017
9084
11148
2877
809
808
11147
9076
9075
4933
4932
2863
794
9060
6992
2853
9054
6987
2850
4915
2845
777
9045
6977
11109
9042
769
9039
6971
11105
11102
9036
6967
11100
11099
11098
4895
9030
2822
11092
9022
747
6950
2813
6947
743
9012
6942
6941
736
733
6934
8995
6927
8992
2788
11055
4851
8982
6914
4846
8980
11047
2773
11040
8969
8968
6900
696
4826
11029
4823
2751
11022
681
11017
4813
2745
11012
6874
4806
668
11005
2730
4796
2728
10998
4792
4791
2723
2721
4787
6847
2711
6841
8908
10971
4770
4767
2700
2699
8901
2695
2694
8891
2687
10956
10954
8886
8885
8883
612
611
6811
6810
8873
4738
6805
6797
2662
593
8860
2656
8859
10926
4720
10923
10920
10916
8850
6781
6780
2642
10912
2639
8840
8839
566
4699
564
563
6763
10891
4688
4686
2618
548
10886
8818
10885
542
8811
10875
10874
10869
8806
6736
4669
4666
2599
4665
2596
528
4663
526
4661
6723
10853
2579
508
8777
2571
10832
490
10829
2556
10823
8755
8754
6684
10815
8747
6677
4605
2538
2537
2534
466
464
4599
462
10801
8732
459
458
457
2524
10794
6658
10790
10789
10784
6649
445
10783
2511
440
8710
8705
4569
4566
6633
428
2494
426
10764
424
8693
8690
8689
4553
8688
4551
8682
6616
4547
6614
8680
2470
6605
400
8671
2464
4531
4530
6592
6589
10723
383
379
4510
373
10710
10708
10706
10704
10702
2433
6568
8635
362
8630
4492
8627
6556
8621
6552
348
8618
2410
10681
10676
8609
8607
4471
8604
4468
4464
4461
6527
10657
2384
6518
8584
6516
2378
10649
308
10645
4442
2373
2372
10643
2370
2367
8568
8567
6498
4428
10623
2355
287
6490
6488
2351
283
2
17
46
