4366
267
8999
26465
35197
26467
272
17736
17738
35198
35199
9009
9010
35209
26478
17749
9018
17751
9021
26485
35219
292
26489
35220
9028
297
35226
9032
35232
17769
9040
17772
35236
313
9046
9047
9051
321
26517
26518
26519
17789
9058
26522
35250
26525
9063
9064
333
9066
335
336
9069
17796
339
17801
9073
9074
26529
35262
35273
26542
35274
9086
17819
9093
35294
369
9103
17835
35300
17841
379
35310
9115
9116
35313
386
26582
9120
26585
35316
391
9123
26588
17860
35328
17865
26597
35331
9138
17870
408
409
9142
35337
35342
17879
17880
26612
418
9150
26613
35348
26619
9157
427
26624
429
26629
436
26634
9171
17904
26636
35368
26639
17911
35375
9181
450
454
9186
17920
461
17926
9198
17930
17932
9201
26663
9205
17937
35402
35404
477
9211
26676
17945
35407
35414
26683
17953
9224
35421
9226
9232
9239
26705
9242
17977
17979
516
17980
518
519
520
9253
35443
35445
26720
35446
26722
528
529
9260
26727
26729
17998
537
26743
18017
35481
555
18021
558
9290
9292
563
26762
35494
35500
573
35502
575
577
18045
26780
588
589
18053
26789
35522
18059
35525
599
601
35530
18067
9337
26802
18072
609
26806
35536
615
26812
620
18084
622
26816
9356
625
18088
18089
26821
26822
26824
35550
632
9364
35562
18102
18103
35569
9376
650
651
9384
9385
9386
18118
26848
35578
35579
9392
9393
18129
672
673
674
9405
9407
9408
35604
35607
9412
9413
9415
35611
9418
18151
689
26886
26887
35620
18159
18160
9429
9432
18164
704
705
706
707
9436
709
18174
26903
9444
26906
18178
35638
9448
9449
18182
18185
35656
9461
18194
9464
735
26934
9472
743
35671
26942
9479
26943
35675
35679
753
26949
9488
9491
18224
9493
26955
763
764
9497
9499
35697
35699
9507
26972
777
26974
35704
35708
9513
782
783
26979
26983
35716
9521
9523
35720
793
9526
18261
18269
27001
808
9540
35738
9545
27010
9549
18281
822
35750
824
27022
35754
35759
27030
27032
35765
27035
840
18304
845
846
27045
850
9582
35780
853
18320
18321
27055
861
9595
27062
18334
27066
9607
879
9612
27079
9616
9617
18351
27084
18356
893
18360
27094
35827
18364
901
902
27098
35829
35832
27102
35835
18372
910
9645
18378
35841
35843
35844
27114
18385
35850
9656
27121
35853
35858
27127
35861
18400
35864
939
9674
943
18407
18410
950
9682
27146
18417
954
18418
18420
27150
27151
27152
9692
27155
27160
965
966
9703
18444
27176
27177
9718
27184
989
990
18453
992
18454
18458
27187
18463
1002
35932
18471
18474
18476
35940
35943
1017
35946
1019
27215
35949
1022
1023
27219
35951
35952
9762
1034
35962
1042
18507
18508
18509
27240
1049
1050
1051
9783
27246
35980
9790
27254
9798
1067
35995
1069
35998
18536
36000
9806
36002
36003
9809
36005
1083
1085
27282
9821
9822
36018
36021
27290
9827
36024
27293
18562
1099
9832
9833
18567
36032
18569
27303
18572
36039
1113
18578
1115
36041
36042
18582
18583
36045
36046
1122
1123
18588
1125
9858
1127
9859
18590
27323
18595
27325
1133
1134
1136
18601
27332
18603
27333
27334
36075
9883
18616
9886
18621
36086
27355
36088
9896
18628
9899
27368
27369
1174
9906
9908
36105
18643
27380
9919
27384
36116
9923
1192
18655
9926
9928
9930
18667
9936
1206
9939
18670
9941
1210
18671
18672
9945
27405
9947
27411
36145
36146
27419
1230
9963
1233
27431
18701
9971
9972
36169
27438
36172
36173
36177
1252
1253
1254
9987
1256
36188
36189
1265
36198
18737
27470
1275
18740
27474
1280
18746
36215
18754
10023
18756
1293
10026
27490
10028
18764
27497
18766
36231
18769
36233
18771
27507
18776
36239
27510
36243
18781
27519
27520
36251
36256
10061
18793
10063
36259
27529
1334
36263
18802
1340
1342
27539
10078
10082
36280
18818
36285
27556
10095
18828
27560
10098
27564
18834
1371
36300
27569
1379
10113
27580
18850
36316
10122
36319
27592
18863
18867
10136
27599
18870
1409
18873
18875
27608
18879
36344
18881
1418
27614
36347
27618
18889
10158
27622
18892
27627
27630
27634
10171
10176
27640
27642
36373
1448
1449
1451
36379
10186
18919
36382
36385
18923
27656
1462
27665
1471
10204
10205
18937
1476
10209
18942
27673
1485
10218
18951
36419
18957
10227
10234
1503
27700
10238
1513
10247
18980
10249
36445
18983
18987
1524
1529
18999
36463
1539
36467
36469
10274
27742
1547
27743
36475
10283
27748
1555
27753
19022
10292
19024
36488
36495
1576
10311
27775
36509
36510
19047
10316
27780
36514
19051
27786
10327
19059
27793
10330
1599
27794
36523
1603
27800
36536
10345
19077
36541
10350
36547
27816
1622
36553
1627
36555
27827
1632
1635
19099
19100
27835
36570
1643
10377
1647
1653
36583
27852
1657
19122
19125
27859
27864
10401
1670
36600
27870
1675
1677
1680
1681
19145
36609
36610
10417
27882
36613
36615
10421
27885
36616
1692
27891
10429
27897
10434
36632
19169
19178
36642
27912
36645
27915
27916
1721
10453
36647
36655
10461
27925
27929
19198
36662
10469
36666
27936
36668
19208
27941
10478
10480
1749
10481
19212
19214
19215
10486
27946
10489
10490
1759
19222
10493
27957
27958
27962
36694
1769
27969
36701
36706
1779
1782
19246
27978
19249
27980
10519
10520
27983
27985
27986
10524
19256
36713
1795
1798
1801
27998
1803
19267
19268
36729
19272
1811
10544
19277
36739
10547
28011
36745
10552
36748
10555
1824
36753
10560
36757
1832
10567
10568
10572
10573
1845
1848
19312
1851
19318
28050
1861
19329
28071
1876
19340
36806
19343
36809
36811
1884
10617
36812
10621
1890
28086
36820
10627
28091
19365
36831
36837
10642
28107
36839
10649
10655
10659
1928
28124
10662
10665
10669
10671
19404
10673
10674
36869
28143
28144
10682
19415
1952
28150
1956
28153
36885
19423
10693
1966
1968
36896
28170
1975
10708
1978
10710
36909
28178
19448
28181
10718
36912
36915
10722
10725
1994
1995
10728
19460
19461
28190
28194
28195
2002
36931
10737
2008
2009
19474
10744
10747
36946
28215
36950
36954
2029
10762
36961
36963
2041
10774
10775
28238
19510
36975
10780
10782
2051
28249
10788
2057
10789
10790
19524
36989
10794
19528
28264
2072
19536
2079
10813
2082
10815
19547
10817
19548
19555
28288
2094
10827
19559
2099
2100
37029
37031
37032
19569
28301
10839
19572
28306
19578
2119
10854
10855
28319
28320
37057
19594
19595
37059
28330
10867
2136
2137
10869
19599
10879
2148
10885
37081
19619
2156
28353
2158
37083
2160
19625
37092
19630
2167
19632
10901
28362
2171
10904
28368
37101
2175
19639
10910
28374
37106
37111
10916
19649
19650
37114
28384
19654
10923
2192
10924
19656
28389
2197
19662
28394
10934
2203
2205
28401
2209
2210
2211
10942
19673
19674
37143
37144
10949
10952
2221
28418
2225
19690
37155
28424
28426
2235
28434
37167
2240
10973
28437
37168
37171
28441
2246
2247
28444
28445
37172
10983
10984
10985
2254
37173
37182
37183
19723
28457
28466
19735
37200
11006
28470
2277
28474
2279
37206
2282
19747
19748
11017
2286
28482
37213
28487
11024
2294
19758
37226
19764
2305
11037
19769
2308
19772
11042
19775
11044
28506
2314
11046
28510
37236
37238
2320
19789
19792
28525
2333
11067
28531
11069
19802
11071
28535
37264
37272
37274
28544
19813
2351
11086
2355
28550
28553
2358
37283
28556
19830
2370
37298
28571
37303
11111
11112
19843
2385
11120
11121
28584
37317
28588
37320
19858
19859
11128
11129
11131
37327
19865
11136
19869
19870
28602
19872
11142
37338
11150
19885
28617
19888
37354
2427
28625
19894
11163
2433
2434
2437
28634
19903
37368
2447
2451
2453
19917
2455
19920
37386
11191
2460
19927
19928
37394
19934
19935
11204
11206
19941
28673
11211
11212
28676
28678
37411
28687
2492
11224
37425
2498
37427
19964
11233
2504
28705
19979
2518
28718
37452
19990
11261
28725
28726
28727
37459
37463
28734
11271
2541
11274
20005
11277
37474
2550
37479
2552
37482
2556
11290
2559
28754
11293
2562
20028
37492
2570
28767
11305
11309
2578
20042
11312
20043
28774
37513
28786
37519
37523
28792
28793
37524
20064
11334
11336
37533
20073
11342
28812
20083
37548
20086
20088
20089
11358
20091
28822
11361
37553
37555
20097
20100
11369
28832
37564
2640
20104
28837
11377
37573
2647
2648
20111
28843
20117
2654
28851
37584
11389
2658
2659
11392
11393
28857
28863
20132
28864
37597
11405
20141
2678
11411
20142
28876
28877
2683
2684
20147
11418
28882
2688
20153
11422
20155
37609
11425
37610
2698
11431
37627
28899
37633
28903
28904
2710
2712
11444
11445
2715
11448
20176
28911
11454
2723
11455
37650
2726
20191
20193
2730
2732
28928
2736
11469
20202
28935
2740
2741
37669
20210
28943
20212
11482
2751
37680
28949
11490
2761
11494
11497
37694
2767
20234
28966
20237
28971
2778
11512
28978
20247
2786
2788
2789
11520
2792
20256
2794
37721
28994
28995
11532
2801
2805
11539
2808
2814
29014
2819
29017
37751
11556
37752
11558
11560
37758
11563
37759
37761
11570
11577
20309
11579
29044
2849
29046
20315
2854
2855
11586
11587
20322
2859
20324
29052
11594
29053
37784
37794
37795
37796
29067
37800
2874
2875
2876
37802
20342
37803
37805
37812
2885
11618
20349
20351
29085
20355
2892
37819
29090
2897
2909
11641
20375
2912
2913
11646
20377
29106
29109
37839
37842
20384
37844
20386
11655
20388
37846
2926
11658
37849
29125
37854
37855
11664
2935
2936
11668
20400
37866
20406
2944
11677
37872
20413
11682
29146
37878
20418
37883
2956
2957
11688
29152
2960
11692
2962
11693
2964
37886
2973
37902
29171
37905
29174
37906
37907
11713
20446
20448
11720
20452
11722
29185
37920
37922
2995
29191
2997
37926
3003
29201
29205
3011
11743
29208
29211
29213
37945
37946
20485
3022
29217
11760
3030
20496
29228
11766
3035
37965
29234
11771
37967
37968
3043
3044
29240
3046
3047
3050
29246
37981
37983
11791
3060
11793
3063
11796
20529
29259
3067
29262
20533
11802
29263
11804
11806
20538
3076
29272
38006
3079
29275
38010
11815
3088
38017
38018
29287
38019
20558
38023
38030
20568
38034
38035
20574
29306
3116
11848
29314
11851
20584
38048
20586
11855
38049
20591
11861
11863
3133
3135
11867
3137
11880
3149
3154
20618
29352
38082
38087
3160
29356
11894
29357
29364
11908
3177
29373
29374
20644
29375
38107
3184
3185
38116
29385
29386
20655
11925
29394
38126
3200
3201
11933
20664
38128
20669
38135
3208
20672
20673
3212
11946
11947
20679
29410
3218
29411
3222
11954
20686
29421
38152
29424
3229
11961
11962
38161
29430
38162
29433
29436
29443
11980
29444
38181
20718
11987
11988
38185
29457
11994
20726
11996
11997
3270
12005
29469
12013
20748
3287
20755
12025
12029
20762
20769
3306
3308
3309
20772
29507
20781
3318
29513
20784
12054
20787
12056
29520
12059
29530
29531
3336
3339
29535
20805
3342
12075
29540
3346
29543
3349
20814
20815
20817
29550
29552
3357
12089
29553
20828
20839
3376
20842
12112
3381
29578
29590
12128
3398
20863
29595
20865
12136
12138
29603
3417
12149
3420
12154
12156
12158
29623
12161
20894
29629
12167
29631
29632
12171
20904
3443
20908
3451
12184
3453
3454
20919
12188
3457
3462
20928
20929
12198
3467
3469
3470
20934
29665
29669
3474
12206
20943
12212
29676
29677
29683
3488
20954
20958
20963
20964
12233
12234
3503
3504
12237
3506
12238
20969
29696
29702
20975
29703
29707
3518
3519
20982
12253
12254
29715
29716
12262
20994
12264
12265
12273
21008
12277
29741
12280
29745
3551
29749
12286
29752
21027
12296
12297
12298
21030
3570
29771
21042
12311
12312
29778
12317
3596
21061
12330
29792
29798
3603
29801
3606
21071
29803
3611
21076
21078
29811
29813
3620
12358
29823
12362
29826
12367
12368
3637
3638
21102
21104
29842
12385
21119
3659
12392
12394
29858
3664
12400
12403
21135
3676
12409
3678
21142
29873
3681
12414
21145
29876
29881
12419
12420
21156
3693
21158
12427
12433
29900
3706
29903
3710
21175
3713
3714
21180
12449
12450
21184
3721
12454
29917
29920
12459
3728
12463
12466
3736
12472
3742
3743
21206
12477
29942
12484
29956
12494
3766
12499
21230
12502
12503
3776
21242
21243
29974
12514
12515
21248
3787
3791
21255
12526
21260
12530
29995
12532
12533
21267
29999
21270
21272
3810
3811
12543
12550
21283
12552
12555
12556
30020
12558
21293
3830
12562
3832
21295
12567
3837
12571
3840
12572
30035
3851
30047
30049
30051
3857
30053
3859
30054
12593
30058
12598
21331
30063
12602
30067
30072
30073
30075
12612
3882
12617
21352
21353
30085
3893
3894
12633
3904
12636
3906
21370
3908
30101
3910
3913
12646
30112
12649
21381
12651
3922
12658
21390
21391
21393
30126
12663
12664
30129
3937
30135
30136
21406
3943
12675
30139
30141
30142
3949
21414
30147
12684
12688
12689
3961
3962
30158
30159
3966
3967
3968
3969
21435
30170
30173
21442
12711
3981
3986
12726
21460
3998
21462
30200
4010
4011
21479
4018
12758
30224
21494
21496
21498
4040
4044
30246
12785
4056
12788
12792
12793
30257
4071
21535
4073
4075
12810
30277
30279
12819
21561
21567
21568
30303
30304
12842
4112
30309
30310
12848
4117
21583
12853
21585
12857
30322
12860
12861
12862
12864
30334
4139
12871
30335
21608
4145
21609
4147
12880
4149
30343
4152
21624
4161
21626
21627
12897
21631
30365
30369
12906
30370
12912
12913
4182
21649
30390
30391
30392
12930
21662
4202
4207
30403
30408
12946
4215
21678
12949
21682
30416
30419
21688
12957
21691
30424
30425
4237
21705
4242
30438
30441
4253
21717
4256
12989
21722
21724
30456
12996
12997
4269
4270
4276
4277
21744
30478
4285
13018
21754
13024
4299
30507
4327
4328
4329
13059
21791
4334
30530
30533
21804
4341
30539
4350
30550
13088
4358
4362
13095
13099
13101
4370
4371
30568
30579
30583
21853
21854
30586
21860
4399
13131
13134
21866
4407
21872
4409
30606
4412
30611
21880
30613
21884
30617
4428
4429
4430
21893
30626
21900
21902
21906
4444
13179
13180
30643
21915
13184
4454
4455
4456
4457
21919
4459
30651
30661
21931
4468
4469
13200
30663
13205
30671
30673
4478
13212
30678
13221
13224
13225
13228
30693
13232
13235
13237
4509
21973
30705
4514
13249
4520
4521
4523
30719
4525
30722
4527
13259
13264
21996
21999
30736
13273
13274
30738
30739
22009
13279
13283
22017
4555
30752
13292
22024
30759
13296
4565
13298
22034
13303
13305
22042
13313
22045
13317
4588
13320
22053
4593
13326
30790
30792
22061
13331
22063
22071
4609
4611
22076
13348
30814
13351
4622
30821
13358
13359
22095
4635
4637
30834
22103
30837
30841
4652
30850
22124
22129
4668
22136
13406
30879
22149
22150
30883
13421
13422
4691
4692
13423
22157
4698
22164
22167
4704
22168
4706
22170
4711
4712
13445
30917
4726
13459
13464
22198
30930
30932
4738
13470
30939
30940
13485
22222
30959
4766
13502
13504
13508
4777
30975
30980
4785
22249
4787
13520
13521
30983
22257
30989
13529
30993
13537
31002
22272
22280
13550
4819
22282
31024
4829
31026
4831
22295
13565
13566
31027
22300
31031
31034
31035
4842
13576
13577
22309
4847
4858
4859
31058
22330
31065
13603
4877
31073
31077
13617
22350
13621
31087
22356
31088
22358
4895
13628
22362
22364
4903
22367
31100
31103
13641
4911
13643
13645
4914
13646
13648
22375
13650
22379
22384
13653
13654
31119
31120
13657
13659
22391
22392
31135
13672
22407
31140
13677
13680
22415
4952
22419
4956
4957
4958
4959
13691
31152
31160
4965
13698
13699
4973
4974
22439
4980
13716
4986
22452
31186
4991
4992
31188
13727
22460
31192
13737
13738
5008
22472
31207
22478
13749
5019
22483
5021
22484
5023
13756
31216
13758
31219
5034
22498
22501
31234
31237
5042
31240
31241
5051
5052
22517
22520
13789
22521
22524
5063
31259
31261
5070
13807
5082
31282
31284
22554
5092
13825
22558
31288
22561
31294
31295
13834
31301
5107
13842
13844
22578
13847
13848
5124
5125
31321
22591
31324
31326
22598
5137
13869
31335
31336
5141
31338
31340
5148
22613
13883
13896
5166
5167
22632
13901
5170
31362
31366
5173
22638
31367
13908
31370
31373
13911
31375
31376
22646
5190
22654
22660
5198
31398
22667
13939
22673
13943
22675
22678
31410
5216
5217
13949
31415
5221
13953
13955
13956
22685
5226
22692
31430
5235
13967
5237
22700
22701
13978
22713
31446
13986
13987
31452
31453
13993
31459
22731
14002
31467
22736
22737
31469
14008
22741
31475
31479
14018
14021
31485
22756
31489
5296
14028
5298
22763
5300
22771
14040
14043
5315
14052
5323
31520
22792
5333
31531
14069
31537
14074
14081
22818
31550
31551
22824
5365
31562
31570
5377
5380
31577
22846
5383
31582
5387
5388
31586
5397
14137
14138
5407
14140
22873
5415
5417
14149
5421
31618
22887
22893
22894
5431
22896
14167
5436
31631
31634
5439
14173
31637
5444
5445
22912
31648
22928
31662
14201
31665
31669
5477
31674
22943
22944
14213
14219
22953
31685
22955
31687
31688
31691
31692
22974
22975
14246
22979
22988
5527
14260
5533
31730
14267
14274
23007
14277
5549
31747
31748
14285
14289
23023
31755
31760
14298
31763
23032
14301
31766
5571
23035
31773
31775
31776
31777
5582
31781
23057
5596
14334
31798
14337
23070
14339
5611
31807
23079
14348
31812
5618
14350
31815
31818
5627
23095
23099
31831
14369
23101
5639
5640
14372
31834
14384
31852
31860
14398
23130
31866
14404
5681
5683
31880
23149
14419
5690
5691
14422
14423
5694
23156
14433
5702
31898
14437
23169
31904
5713
31912
31914
5722
5723
31924
23195
23197
23199
23200
31934
5739
31935
14473
31937
31938
31942
5748
23215
14485
14487
5756
31954
14494
31959
14496
5767
31963
5771
14506
5777
14510
5786
14518
23250
14522
5791
31990
5795
14528
31992
23264
14533
14535
32010
23287
14556
23291
14561
14562
23293
14564
5834
14566
32032
32035
32036
5844
14577
23309
23311
23316
14586
5856
32052
32059
23329
5866
14598
14599
23330
23331
23334
23335
23337
14606
32067
5876
32069
32072
23343
5884
14620
23353
23356
14628
23361
5898
14631
32093
5902
14637
23372
14641
23374
5911
5912
14645
23378
14650
14651
14652
32118
23392
32130
14668
14669
32138
32139
5947
23416
5957
23422
14698
32164
23437
23441
23445
32177
5983
32178
32182
32185
23456
32189
32190
14737
6007
14739
32203
6011
14744
32209
23485
14755
32219
32221
6027
23493
6030
14762
14769
23502
14771
32241
14782
14783
32248
14786
23519
32252
23522
23528
6065
6066
14799
6070
14808
6077
14813
23548
32282
14821
23554
6091
23557
32290
6098
32301
14842
6113
32309
23579
32313
32316
23587
23589
14860
6129
23594
32324
14865
23598
23599
6139
6142
32341
32342
14881
6150
32349
23618
14889
14893
23626
6164
32362
23632
32364
14902
23638
6177
14909
23642
23643
32373
6182
32374
32378
23650
32382
6189
14922
23655
6193
23657
6196
23661
32393
23664
32398
23667
32399
6207
23675
6215
14950
14951
6224
32428
14968
32433
14971
14973
23708
14979
6251
14983
23715
32454
6260
14993
6262
23728
14998
23734
15005
32474
15011
23743
15018
23752
23755
15025
32490
32492
15029
6301
15034
23769
32503
6310
6311
15043
6313
15044
23774
23775
6317
15049
15050
15051
32509
32510
32517
15059
23792
15061
32523
6333
15069
15073
32540
32541
23810
23812
6351
23815
6353
23817
6361
6363
15095
6366
15103
6375
6376
32572
6381
23849
23850
6389
32586
32588
15126
32595
15133
23865
23866
32601
6407
32604
23874
23876
6414
6415
6417
23883
15152
15153
23887
15157
23891
32626
6434
23900
15171
32638
15178
6448
6449
23912
32646
15184
15185
15186
32648
6456
6458
15192
15194
23926
23929
6471
32667
6476
15208
32674
15212
32676
15214
32677
6485
6488
6489
6496
6500
23964
23966
32699
15239
32708
23977
15254
32719
15256
23988
15261
32725
6531
6532
15264
23997
32728
15269
32733
24004
6543
15280
32747
15284
32749
24018
24019
32762
32764
15303
15304
32769
32770
6573
6575
15309
24041
32775
6582
24046
6586
32783
32784
6587
32789
6594
15326
15327
24059
32794
15335
15336
24069
32803
6608
32805
32808
15344
6614
15351
6620
6626
32824
6629
24097
6634
24098
32833
15372
6641
32838
15374
6646
15379
24115
32852
15391
32859
24127
32863
24131
32865
15401
24134
32870
32871
6676
6682
24146
6685
6686
6689
24154
15424
15426
24159
24161
24163
6700
32897
32899
15448
24182
6720
32917
15452
15454
6726
6728
6730
24195
15467
15469
15474
32939
15476
6745
24208
24211
6748
6749
15481
15482
32948
6752
24221
24222
6760
6762
32961
24229
24234
32967
24237
24239
6777
24241
24246
6787
6788
15519
6794
6799
15533
24267
33000
15537
6807
15539
15541
6810
15542
24271
15545
6814
15547
24272
24274
15550
6819
24277
15553
24282
33019
24285
24287
33022
6826
6829
24294
33027
15564
6835
33034
6841
6842
15574
15576
24306
24308
24309
33044
24311
24314
6851
6853
6854
15589
15594
24326
6867
15600
15601
6873
15607
6877
6878
24344
6885
33082
33088
15628
24365
15635
33101
15640
24374
6914
15648
15651
33116
24384
33118
33119
6924
24388
15661
6930
6932
33129
33130
15667
24400
15673
24414
24424
24428
15697
24430
6970
15707
6977
24444
6982
15714
33181
15718
6989
33186
15727
33192
33196
7005
15738
33203
7007
15740
24473
15745
15746
24480
33214
24482
7028
33228
33231
33232
24500
24502
33237
24507
7047
33247
7051
15784
7054
7055
24517
33257
33258
7061
7063
24529
7066
33263
7069
33266
33267
7073
7075
24539
33274
15811
7080
24544
24545
33285
15822
15823
33295
7100
33299
7104
33301
15835
33303
24568
7113
15845
7115
24580
15848
7118
15850
33317
7122
7123
24590
15865
15866
7138
7139
33340
24612
7152
15887
33355
15894
15895
7164
33361
15898
33368
15908
7177
7179
33376
24645
33380
24649
24651
15921
24654
15923
33391
24660
24662
24663
7198
24667
33404
24674
7211
24679
33411
33414
7218
24684
15952
33420
33421
24694
33426
15963
7234
15967
7237
15970
24707
33441
33444
7249
15988
24722
15990
15992
7261
15995
24730
24733
7271
7279
24744
7282
33485
24754
16023
16028
16030
16033
33501
33504
16042
16044
7313
24779
33511
24781
33513
33514
33515
7318
16049
24787
33520
16050
16052
33523
16057
24796
16069
24804
7340
16076
16078
7347
16080
24813
16082
16085
33551
7359
7364
24832
33564
16100
24836
33570
24841
33576
24845
33577
7382
7384
16123
33588
24862
24867
33599
16135
7409
33606
33611
16152
7425
16159
24896
33632
24901
33633
33634
7437
33637
24910
7447
24915
7451
33657
16197
33667
33668
24937
33672
24941
7477
16213
7482
16214
16219
16220
7491
7493
7494
16226
24964
16235
24972
33711
16248
33716
7525
33723
16261
33727
25000
33738
7546
25016
16286
16292
7563
7565
16303
33770
33772
33774
25043
7579
16316
33781
33785
16323
25059
7595
16328
25063
25064
33797
7601
16331
7604
33804
25073
16345
16346
25080
7619
7621
25089
16359
7634
7635
33837
25106
16375
33841
33843
33845
7651
16384
7653
25119
16391
25128
7665
16403
25135
33879
16416
33881
33886
25156
25159
33895
33901
16441
7710
33911
25180
25185
33920
33921
7724
7728
25193
16467
33937
33938
16476
33940
7747
33947
16485
16486
33950
7755
25221
33954
7756
7758
7760
16496
25228
16500
7770
7774
7777
33974
33975
7779
7784
7788
7793
25260
33998
7803
7804
34001
16538
34002
7808
7810
25275
25276
34007
25283
16558
34023
16560
7826
7827
7828
34033
25303
34037
16574
34039
7843
16579
25313
16582
7851
16584
34050
7855
7858
16597
16598
34061
7869
16603
34067
34071
25340
16609
25345
16615
16616
7885
25350
7887
34086
34087
25356
25359
34093
7898
25364
25365
16635
25368
34099
34102
16639
7913
34111
34112
25381
7917
34116
34117
25390
25395
7933
34130
34131
34137
34142
7946
25413
16682
25415
7950
7952
7955
34152
34154
7961
7964
7968
7975
7977
7979
34177
34184
25454
16725
25458
25459
25461
7997
34196
25465
34198
8002
34200
8004
8012
25477
25478
16749
25481
25482
34213
16753
34215
25487
34216
25489
8025
25491
8026
16761
16765
25498
8035
25500
16769
34246
8050
16785
8058
25524
25527
8070
8071
16804
16807
8075
25541
8077
16818
34285
34287
16824
25557
34291
25563
25565
34297
34303
25572
34306
8112
34309
25586
16856
8125
34323
34327
8133
34333
34336
25608
34340
34342
34343
25613
16892
25625
8162
16895
16896
16900
25633
34369
8173
34371
25640
8176
16912
16913
16914
25646
16916
8191
25659
34394
8200
34397
16934
34398
16936
34401
16940
16941
25672
25673
34404
8213
16946
8215
34407
25685
8226
8227
34427
8235
16971
25706
16975
34446
8252
8253
8254
16985
25716
25718
16990
34450
16992
25727
16999
8268
8270
8272
25736
34469
25741
34478
8285
8287
8291
17023
25755
17026
34487
17032
8301
34498
17036
8311
8312
8313
34510
17049
34516
17054
34525
8334
34530
25804
34536
25806
25809
34544
17081
8350
17082
25818
34552
34554
34555
34558
25827
25829
34564
17103
17106
17111
8382
8384
8388
8390
34586
34593
25862
17133
25865
8406
34603
17140
25872
25876
8413
25878
8422
25890
17164
25896
25897
34628
34630
8440
8441
17174
34638
17177
8447
8450
8451
17184
8453
25918
25920
17190
25927
17196
17197
25928
34661
25932
34662
8473
25937
8475
17207
34672
8478
8479
17211
25946
8484
17218
25953
17222
17224
8493
17225
34689
34691
34694
8499
17231
17234
34699
8507
34703
34707
8512
8515
17249
34714
34715
34716
25986
34723
34726
17267
34731
17270
17271
17272
34736
34739
17276
17277
26012
8550
8551
17286
26018
26023
34756
17294
34761
17299
17300
26031
26032
34764
17304
8573
34767
34768
8576
8584
34781
8586
17324
17330
8600
17332
17333
26066
34801
8606
26071
34806
8611
34808
17347
34814
26084
8623
17359
34826
17364
26096
17366
34830
17368
26110
17379
8648
8651
34849
34850
34852
26122
26125
34858
17396
8665
8668
26135
17405
8675
17408
17419
8688
8689
8690
17422
26157
8695
8699
8705
34901
8711
8712
17447
8716
26180
34914
8721
17454
8725
8728
8732
34929
8734
9
26207
34941
17478
17
18
8749
8751
17481
26218
26219
24
26220
34954
8759
34957
17495
26227
26229
8768
37
38
8771
17504
34964
26238
17511
8780
49
34975
17515
17516
8787
56
17521
17522
26255
34984
26257
26260
34992
8802
26266
72
73
35002
8807
26271
77
35003
35004
26280
86
17550
35016
8821
35019
94
35022
26292
8829
8832
26297
26298
8837
8839
26303
26305
35035
113
8849
17581
26315
17584
26316
35048
8856
126
132
8864
17598
35062
35063
17601
17602
8871
35064
8873
35068
8875
144
35070
147
26344
149
8881
8883
8884
8891
17624
162
8895
17629
17631
35095
35098
26367
173
17638
8908
35106
8913
8914
17646
17652
190
8922
17658
195
35125
26394
26395
203
204
209
26406
17675
8944
26410
35145
220
221
35150
223
8955
17689
35151
8959
17692
26423
8962
35155
35157
17697
26430
17699
26431
26433
35161
17703
26435
26437
35168
8975
8980
35176
35182
17719
8991
260
17727
6
1
469
448
175
249
383
