7735
11487
11485
42425
42424
11483
42422
42419
42418
42412
42410
42406
26933
26930
42400
26927
11453
42392
11451
26920
26917
26916
26913
26912
42380
42371
11429
26899
26897
26896
42366
42363
26890
11419
42358
26887
42353
42352
11411
42349
42348
11405
42346
42345
26874
42341
42340
11399
11395
42335
11391
26858
42326
26852
42322
26851
26849
42315
42311
26839
42309
26838
11366
42301
42300
26828
42298
42296
11353
26824
42293
42292
26820
11346
26817
26816
26811
11340
11339
26807
42276
42274
11330
26800
26799
11324
11322
42263
42262
42252
26777
26775
11301
42242
42241
26768
42237
26763
42232
11287
26758
26757
42226
11282
11281
42221
42220
11277
42216
26741
26740
26739
42209
42208
26736
26735
42203
26732
11258
11256
42199
26727
26726
42196
11254
42194
42193
26722
26718
11247
26716
42185
42184
11242
26712
26711
42180
42178
26704
26701
42166
42158
26685
26682
42151
26677
11206
42145
26672
42142
26671
26670
42139
26668
42137
42136
11194
26662
42126
42125
42124
42123
11176
11174
42116
26644
42114
26643
42112
26641
26640
42109
11161
26633
42102
26630
42100
26629
26628
26627
26626
26624
42094
42084
26613
42081
26610
26609
11138
42076
11133
26598
42067
11124
42064
26593
11122
26586
11113
42053
11111
11110
42048
11106
42046
11105
11095
26564
11093
11092
42030
42026
26555
11081
26548
26547
11076
11074
42011
26540
11066
26537
42006
26534
42004
11063
26532
42000
41999
11058
41997
41995
11054
26523
41992
11050
26520
11048
26518
11047
41985
11043
11040
11031
41969
11027
11025
41963
41961
41958
26487
11016
26485
41953
26482
41950
11007
11004
41944
26471
41940
10997
10996
10991
10988
41929
10986
26455
41926
41925
41922
10979
41920
10978
26448
10976
41914
10964
10963
26433
41898
10953
26422
41890
10942
41881
26409
10936
26403
10931
10928
26400
41869
10927
26397
10926
41863
26392
26390
26389
41859
10915
41854
10907
10905
26373
41834
26360
41823
41821
26350
10877
41818
26347
26346
10874
26339
10867
41806
10862
26332
41802
41799
41798
41795
41793
10849
41788
26317
10846
10843
26313
26310
41780
41779
10837
41776
26302
26300
10827
10826
26293
41761
26288
10816
10814
41755
41754
26283
10811
26279
26277
26276
41747
41746
26273
10802
10800
26270
41739
41735
26262
41732
10791
41730
26257
41726
26255
10783
41723
41722
10779
26248
41717
26244
41713
41710
26239
10768
26236
26235
41705
26234
10763
41702
26231
41700
10756
41694
10752
41691
10749
10748
41686
10745
41682
41681
26210
41679
41677
10736
26204
10732
10731
26197
10726
10720
41661
26190
10713
10711
41651
26180
10707
10706
26176
26174
10700
26170
10699
10695
10691
26154
26152
41620
10679
10677
26147
41615
26144
41613
10672
10666
41606
10662
26132
26131
41600
41599
10658
26123
41592
41591
10648
26119
26118
41587
10644
26114
26111
10640
41579
26107
10629
26098
41564
10622
26084
26082
41551
26078
10601
10599
10597
41537
10595
41534
41532
26061
26060
10587
26053
10576
26050
26049
26048
26047
10575
10572
41514
26042
41512
10571
41507
26033
41503
41499
41497
26024
41494
26023
10549
41490
41489
10547
26014
41483
26011
10540
10539
10535
26002
41472
41471
10526
10524
10523
10522
25993
41462
25988
10516
25986
10512
10510
41449
25978
25977
25974
41445
41444
41443
10500
25970
10497
25965
10489
41427
41423
41422
25950
25946
10475
10470
25942
10469
25940
25939
25938
10466
10463
25929
10456
10454
25923
41392
10451
41390
41387
10446
10445
10444
10442
10441
10440
41380
10438
10436
41376
25905
10434
25899
41365
41358
25887
41356
25884
41349
10406
10404
25871
10396
25868
41337
41336
25864
41333
25861
41329
10386
25857
41326
25855
10384
10381
25850
25849
10376
25845
25842
10370
41307
25834
41304
25833
41302
25831
25828
25827
10356
25822
10350
25820
41286
10344
41280
41279
25807
10335
25805
41274
10333
25801
41269
41268
25797
10323
41262
25791
10320
10319
10318
41257
41255
10309
25781
41250
41249
41248
25777
10305
25775
10301
10300
25771
25770
25762
25759
41229
10288
25755
10284
41223
25752
10277
41219
25748
10276
10275
10274
25744
25739
10267
25735
10263
25732
41202
10261
41197
10255
25725
41194
25718
25712
25711
25709
10236
25706
41174
25702
10229
10228
41167
25696
25691
41161
41159
10215
41156
41155
10212
25681
25680
10209
41148
41147
25675
41145
10202
25672
10196
25666
25665
10194
41132
41131
25659
41128
25657
25656
10185
41120
41119
10175
10174
41111
10168
10166
10165
25636
25635
25633
41101
10158
25628
10156
10155
25622
25619
41087
25616
25615
41084
10140
25612
41081
41080
25609
10138
10135
10134
41070
25599
10126
25597
41066
41064
10122
10118
41056
41055
10108
41049
41048
41046
10104
41041
10100
25568
41037
10095
25563
41032
25559
10085
41025
25554
25551
10073
10070
25541
41010
10069
25536
10064
41001
25529
25528
40997
25526
10052
10051
40992
40991
40989
40985
40978
40977
25505
10030
25497
10026
10024
40964
40961
40960
25487
25481
10009
25477
10004
25475
40944
40942
10000
9998
25466
40936
25463
9989
9988
25459
25457
40927
25445
9971
40912
40911
25437
25436
40906
40904
9962
9961
40901
40900
25426
25424
25412
25410
9938
9936
40875
25402
9927
25396
9924
9923
40861
9914
40857
9911
25383
40854
25381
40852
40851
25379
40846
25373
25372
9896
25365
9890
40829
9883
9881
40823
40822
9880
40820
9879
9877
40816
40815
9873
25341
25340
40807
25335
9864
9858
9849
40795
25324
25323
40792
25319
40790
25318
25317
40787
9846
40785
25307
25306
25301
25298
25291
9812
25279
9806
40744
40743
25270
25268
25267
25266
9791
25259
40724
25252
9781
25249
40719
9778
40717
9775
40714
25242
25237
9763
25234
40704
25233
9759
25227
40696
25225
9750
40691
25218
25217
25216
40687
40686
25213
40683
40675
25203
9731
9728
25198
9726
40665
25189
9715
25183
40653
40649
25176
25169
40639
9693
9692
9691
25158
25157
9685
9684
25154
40623
25151
9679
40619
25145
9667
40609
25137
25136
40606
40604
25123
40593
25120
25119
40589
25114
9643
9638
40579
25108
40576
25102
9628
25097
40567
40566
25094
9618
25086
40557
40556
9615
25084
25082
40552
40551
9610
25079
40548
9603
9600
25062
25061
40530
9588
25058
40524
9582
25052
40520
40518
40516
9572
25041
9569
25030
40501
40500
40498
40493
40492
40491
25018
40488
9544
25014
40483
9539
40479
9538
25006
40476
40475
9533
25003
25002
9528
24998
9527
9526
9523
9522
9521
24991
40459
24988
40457
9516
24984
40454
24983
9512
24980
24979
9505
9503
9502
24970
24969
40437
9496
40434
24962
40432
24960
9487
24956
40426
24953
40423
24952
24945
9468
24939
24938
40405
40404
24933
9457
9455
40396
24924
40394
40393
24917
9446
24912
40382
24908
24906
40376
24905
24903
24899
9427
40367
24896
9424
9421
9420
40359
9418
9416
40356
24882
9408
24877
9403
24873
40342
24871
24870
24869
9395
9392
40335
24864
24863
24862
9390
9389
24859
24858
24852
40321
24849
40319
24847
9375
24843
40311
9367
24837
9365
24833
40294
9353
40292
9349
9348
24816
40279
40276
9331
24803
40272
40271
40270
24799
40267
9326
40262
24790
24788
40258
9317
9312
24780
24779
9308
24776
40245
9297
24770
9296
40238
40237
24765
40235
24764
9292
9291
40230
24759
9281
40221
24745
40216
40215
24743
24741
24740
40210
9268
24737
9265
40204
40200
9259
24728
40192
9250
9246
40185
24713
9241
40181
9237
40176
24703
40172
9231
24698
24696
9222
9219
24691
40160
40159
24687
40157
9216
24684
24683
40153
40152
24678
9205
24676
24675
9197
40136
9192
40133
40132
40131
9189
24659
40125
24650
40120
24649
40118
9173
9171
24639
24637
24635
40105
24633
9161
9156
9146
9143
9142
24612
40082
9136
40076
9132
40073
9130
40071
24600
9122
40061
40059
24587
40056
9114
24584
9108
40049
40048
9102
24574
40043
40042
9101
40039
9096
24563
9092
9090
24560
40022
9081
9079
40018
24545
9074
24541
9069
40009
9068
9067
40005
40003
39998
24526
39996
9054
24523
9052
9048
39988
24516
9045
39980
39978
9037
9036
39975
9032
9030
9029
9028
39968
9027
39963
24490
39959
9017
9013
39951
9010
39949
9007
9006
24476
24472
8999
24467
8992
39926
8982
24453
24451
39922
39921
39920
39916
24441
24439
39907
24434
8955
24420
39889
39888
24416
24415
24412
8939
39878
8936
24406
39874
39873
24398
39867
24395
8923
24388
24387
8914
8913
24383
24379
24373
39844
39843
8902
24369
39839
39838
8897
39836
8892
8891
39831
24359
8886
39825
8882
39822
24343
24340
39811
39810
39805
8864
8860
8859
24331
8858
39799
24328
8852
39793
39792
24319
24312
39782
8839
39779
39778
24302
39773
39772
24301
24298
39766
39760
24289
24288
8814
8810
39750
39746
39743
8802
39741
39740
8799
39738
39736
8791
39733
39732
39731
8786
24255
39724
8782
39722
39721
39720
39714
24243
24242
39711
24239
39709
8766
8763
39703
24229
24227
24225
24224
39694
8752
39692
8750
39689
8742
39686
8741
24214
8740
8739
8738
39680
39679
24208
8734
24203
8732
8724
39663
24192
24191
24187
24186
24183
8712
24181
39644
8702
24172
8698
24170
39639
8696
39637
24165
39635
8693
24161
8688
24151
8679
39619
8677
8674
39615
39614
24143
8670
8668
24134
39604
39601
8660
39598
39597
24126
8655
39590
24117
39588
39587
39585
39584
8638
8637
24107
39578
39577
8633
39573
39572
24099
39566
39557
8616
8609
24081
24080
24079
8606
24074
24071
24070
24068
8596
8595
39533
8592
8588
8587
8581
39521
24050
24048
39517
39515
39514
8571
8568
39509
24038
39506
39503
24030
39499
8556
8554
39493
8552
39490
8546
39486
8545
24014
8543
8541
39478
39476
24003
8529
8527
8526
39466
39465
8521
23987
8516
23985
23980
23974
39440
23967
39435
23962
39431
8490
23958
39428
23953
23947
23944
8471
23941
23939
8468
8466
8463
39404
23932
39402
8453
8451
23916
39385
8443
39380
8438
23907
8430
8425
8423
39371
23900
39369
23897
23895
23894
39365
39364
23893
8417
39354
8410
39348
39346
8403
8402
39343
23872
8399
23869
8398
8396
8392
23862
23861
8389
8388
39326
8385
8383
8381
39321
8379
23849
39317
23845
39314
23843
8370
23840
8367
23837
23835
8364
39303
39301
8360
39298
8357
8356
39293
8349
23819
8347
23817
8342
23811
23810
39281
39280
8335
23805
39275
8331
23802
23801
39270
23799
8327
23795
8324
39262
23787
39258
39257
39256
23784
39254
39252
39250
8306
23775
8304
23772
23770
39241
39240
23769
39236
8295
8293
23759
39225
39224
39221
8273
39214
23743
8269
8267
23740
39209
23737
39207
8260
39199
8258
23727
23723
39193
39191
23713
23710
8239
23706
8233
23702
39172
8230
8227
8226
23698
23696
39166
8223
23692
23690
8217
23687
23686
23685
8209
23681
23679
39149
39147
8206
23675
8200
23669
8192
23661
23658
23656
23654
39118
8177
23646
8172
23644
23643
39112
8169
8165
39106
39105
8162
39098
39093
39091
8150
23614
8138
39074
39072
39066
8125
8123
8122
8121
23591
8116
8113
39050
23578
8105
23576
8103
39044
23573
8100
23570
8098
23567
8093
39031
23558
39028
39021
8078
8076
23544
39014
8070
23538
23536
39005
8063
39003
39002
8058
38999
23527
38997
38996
23525
23519
38990
23518
38988
23516
8039
38972
38971
23499
23497
8026
23494
8021
23490
38960
38958
8013
23484
8012
23482
23480
8004
23474
8003
7995
23464
23463
23459
38929
23443
7971
7969
38909
23437
7965
38905
23427
23426
38895
38893
7948
7944
23412
38881
23409
23408
23407
23406
7932
23400
38866
7922
23389
7914
23385
38855
23384
7908
23376
38844
7902
7901
7898
23366
7891
23361
38830
7882
7881
23350
23349
38816
38815
7872
7865
23336
38805
38804
23333
7861
7850
38790
23319
7846
38786
38781
7839
38778
7836
23306
7834
38774
38773
38772
23301
38768
38766
7823
7820
38758
38756
23279
7806
23275
38742
23268
38738
23264
38733
7788
38729
38728
7787
38726
7782
38722
7780
23250
7777
38717
7770
38707
23236
23235
7764
23233
38698
23227
38694
7750
38692
23220
38690
23217
7744
7738
38675
23200
7726
23197
23196
7724
7723
38659
23188
7717
7716
7715
38649
7706
38640
7697
7696
38635
7694
23162
7690
23160
38628
7685
38623
7681
38621
23148
7677
23146
38614
7673
23139
7665
23134
7661
38600
7659
23125
38590
23117
38586
7645
23111
23109
7637
7636
7628
38567
38564
7623
38555
7614
7610
7609
23079
38547
7606
23075
23074
7600
7595
23069
38538
38537
23066
23065
7587
23055
23054
23053
7580
23051
38520
23049
23048
23046
38512
38511
7569
38509
23036
23035
38504
23033
38500
38499
23027
7553
23022
7550
38489
38487
7546
23013
38482
38480
7539
23005
38475
38471
22999
22998
7523
22990
7518
38458
22987
22985
22981
38449
7507
7505
22974
38443
38442
38440
22968
38438
7497
22966
7494
22964
22962
22959
7488
7485
22956
38425
7478
7475
22944
22943
22942
7469
22939
38407
7463
38404
22933
38401
38397
38395
22924
38391
22917
38387
38386
7440
38381
38380
22908
7435
38373
38371
38370
7428
7425
38365
7421
38358
22887
22886
7412
22875
22874
22871
7395
22866
22865
7392
22863
22862
7384
38319
22847
7376
22845
22842
38312
7370
7369
22838
38308
7365
7357
38298
22827
7355
22825
38294
7353
22821
22817
22814
38285
38284
22810
22809
22807
38273
7331
22798
38268
22797
7325
38265
7322
38263
22792
7320
22790
22783
7311
7306
7295
22762
7285
7281
22752
38222
7279
22750
38219
22747
38216
22744
22740
7264
7262
38204
22732
38202
38200
22725
7253
22720
38191
38190
7248
38188
38184
7242
22711
22709
38178
38177
38176
38173
38165
22691
22690
38154
7212
38148
38147
7205
7203
7199
22670
38142
22669
22668
38139
22667
38137
22661
22660
38131
38130
22659
22657
7185
7184
7172
7170
38110
22638
7165
38104
22632
38097
38096
38089
22618
22616
22612
7139
38076
22605
22604
22602
7131
7128
7124
22597
7122
38065
38064
22592
38062
7118
22587
38053
38052
7110
38050
22578
22577
22574
38043
38042
7098
7097
7096
22568
22567
22566
22564
22561
7088
7085
7080
7079
22551
38022
38021
7078
22548
38018
7077
7075
22545
7070
7068
38011
38010
38009
38008
22536
38002
22531
7060
37994
37993
7051
7043
22513
7042
7041
22508
7030
22501
7026
7025
22498
7019
37966
22495
22493
22489
37962
37961
22488
37959
37958
22486
7015
22484
22482
22481
37950
37948
22477
37941
6994
6990
37929
6985
37925
22454
37923
6980
22450
6975
22442
37911
37910
22436
22432
37902
6954
6951
6949
6948
37886
22413
22412
22411
37881
22410
37877
22404
37872
22400
37869
22396
37864
22393
37860
6918
22387
6914
37853
37849
6908
22375
37845
6900
22367
22364
6892
6891
37831
22354
37823
6881
37819
6877
22340
37808
37806
22335
37804
22333
22332
22328
22327
6853
22323
37793
37789
22317
37787
6845
37785
37784
6842
6839
22308
37776
22305
37774
6832
6830
6829
22297
6824
37765
22294
37760
37759
6818
6816
22286
6810
22283
37752
22280
37750
37747
22276
37744
6801
6799
6798
37737
37735
6790
37731
37730
6787
37728
22257
22256
6784
22252
37722
37721
22248
37718
22246
37716
6775
37712
6764
22238
37708
22235
37706
22234
22233
22230
37702
37701
37700
6758
6753
22225
22224
6752
22222
37688
22215
22214
37678
22205
6734
6732
22202
6730
6728
22195
37662
22185
22180
6709
37647
6704
22170
37640
6698
6696
6693
22166
22164
37634
37633
6685
6680
22155
22153
37623
37622
37621
6679
37619
37617
6673
6672
22142
6670
22139
22138
37607
22133
22129
22128
37597
22121
37589
37588
22116
6641
22110
37578
22106
6634
6631
37571
22098
37568
6625
37566
37565
6624
6621
22090
22088
22087
6615
37555
37554
6612
37549
37535
6593
22061
22060
6586
37527
6585
22055
22045
37515
22040
6569
37507
22035
37504
6562
22030
6558
37497
6556
6555
22024
6552
37491
6549
22018
6546
6544
22014
22012
37482
6540
22010
37479
37477
6535
22004
22003
37473
22002
22001
22000
6529
21997
21994
37464
21991
21990
21987
37456
6515
21980
37451
37450
21979
21978
6507
6502
6496
6493
37432
37431
6490
21950
21949
21945
6472
21942
6470
37409
6466
37406
6463
37402
6460
21927
37396
6454
21924
6452
6450
21917
37387
37383
37381
37380
21908
21907
21906
37376
6435
37373
37372
37371
37369
21895
37364
21893
6418
37358
37355
37353
6412
37349
6406
6399
37341
21869
37339
21867
21866
6395
6392
37332
6391
37329
21856
37324
37321
6379
21849
37316
21841
21840
21837
21836
21833
6362
37301
21829
6353
21821
6350
6344
21814
37284
37282
6335
21805
21804
21797
6323
21793
6320
21789
37258
21787
6315
6314
6313
37253
6307
21778
37248
37247
21772
37242
21771
21770
6294
21764
6293
21761
6277
21750
21749
6276
6275
21745
37215
21741
6266
6261
37199
21728
37191
21720
21719
37188
6247
37183
6238
21711
21708
37179
37178
21707
6235
21699
37169
6220
21690
6219
37158
21687
21686
6214
6209
6204
21674
37141
6200
6198
37136
6194
6193
37132
6190
37130
37129
21655
6183
6182
37122
21646
6171
37112
37111
6169
6167
21638
6166
21636
37105
37097
6155
21625
37091
21620
21619
6145
6144
21614
21613
21611
21610
37080
6131
21600
37070
21599
37065
6124
21592
37060
37057
6114
21582
6110
37050
21577
21573
6098
21569
37038
37037
6095
6092
6090
21562
6089
21560
21559
37028
21550
21547
37012
6070
21540
21538
21537
37004
21532
6061
36999
6058
21526
36995
6051
21522
21521
36990
36988
6046
21515
6043
21513
36980
21509
36978
6036
36975
36974
36973
36972
6027
21497
21495
6024
6019
36958
21487
21485
6013
21482
6010
36949
21478
21477
21476
36945
21474
21469
36935
36934
21462
5990
5988
36927
36925
36922
21451
21449
5978
21446
21444
21442
36910
5967
5966
36899
5957
5950
36890
21419
5947
5945
5943
36884
21412
36882
21410
5937
21407
5935
36875
36872
21399
36868
36867
5925
36863
36859
5915
36855
21381
36851
5910
36846
5904
21374
21373
36842
5900
5899
21364
5891
36830
36828
5884
36824
5881
21351
21350
36820
21349
21348
36813
21340
5865
21334
36804
21333
21330
36800
5859
5855
36794
21322
36791
21319
36788
5842
5841
5840
21309
36779
21307
21304
5831
36772
36771
21300
5828
5827
21296
36766
21295
5816
5813
21290
21289
36759
21288
21283
36756
36755
36754
36753
5812
5811
5809
21278
5805
5803
21273
5798
21266
5794
21259
36729
5785
36724
5782
36720
5777
5776
21242
36712
21241
21238
21237
21236
36706
5764
5757
5756
36698
21226
36696
36693
5751
36684
36682
36678
21206
36676
5734
21200
36669
36668
36666
5724
21190
36658
5717
21185
21182
21180
21179
21174
36643
36641
21167
21166
36635
5694
21162
21161
5689
21158
21155
36625
21151
21149
5676
36614
36610
36608
5665
5664
21135
21134
21132
21131
36601
36600
5657
21125
36595
36593
36591
36589
5647
36586
21112
5640
21110
36578
36575
5633
21101
36569
36565
21094
21087
5615
21083
21082
5611
21080
36547
5604
21074
36541
21070
36532
36531
5586
36526
21051
5576
21045
36515
5574
21043
21039
5568
5560
21035
21033
21031
36502
21030
36500
5557
5556
36491
5550
5549
21015
21013
36483
36481
21009
36479
5538
5537
21003
21002
36473
36472
20996
36466
36464
5517
5516
5515
20980
5509
5505
36447
36446
20975
36444
36438
36436
20965
5494
5493
5490
36430
36427
5486
5485
5484
5483
20947
36414
5469
36412
20940
36410
5468
36408
5467
5466
20935
20934
5459
36399
20925
36392
5451
5450
20919
20913
36381
20910
5439
20908
20907
36375
5434
20902
36372
5431
5429
20896
5424
36363
5420
36361
20890
36358
36352
5407
20880
36349
20877
36347
5404
20874
5403
20872
5398
36336
5391
36334
5390
20862
36331
36330
5389
5385
20855
5380
36321
20849
36319
36317
20846
20843
20842
20841
5369
36308
36305
5364
36303
36299
20827
5351
36290
20818
20816
20814
5341
20810
5339
20804
20802
36272
5327
20797
5325
20793
36263
20792
20789
36257
36256
20781
36251
20779
36249
5305
20774
20771
36242
20770
36240
20769
20766
20765
36235
20764
20762
5289
20758
20757
36227
5279
5271
20742
20741
36210
20739
5268
5264
20734
36202
36196
20724
36194
5252
20721
36190
20719
20717
5243
20709
36180
36179
20707
5234
36173
20699
5228
5223
36164
36163
5218
36160
36159
36158
36154
20681
36150
5206
36146
5205
20670
36140
20663
36133
20656
5181
36116
20645
36114
20641
36111
5169
36107
36103
5158
20627
20626
20622
36092
5148
5147
36087
5140
36081
5139
36079
5138
5136
5133
5132
20602
36072
20601
5128
20596
5123
36063
36062
20587
36057
36051
36050
20579
5106
36043
20571
5095
36035
36034
5087
36027
5086
20554
5082
5079
20549
36019
36017
5072
20541
36012
36011
20539
20538
36004
36002
20528
35992
5045
5043
20510
5039
20508
20507
5036
35975
5033
35972
20500
5028
35968
35964
35963
35958
35955
20484
35952
5011
20480
5005
35946
20475
35943
5002
35938
20466
35935
35933
20462
4989
35926
35924
4982
35921
35920
35919
20445
35913
4970
20435
35904
20433
4961
20428
35898
20426
4953
35891
35888
4944
20414
35883
20412
35880
4938
35877
4934
35861
35859
35857
35853
4908
35849
4907
35847
4906
4900
20370
35839
4896
4890
20360
4886
20354
4881
4877
20350
20348
35818
35817
4874
35815
35814
20342
20341
4866
20339
20338
20337
20336
35800
20329
4858
35791
4848
4847
35785
4844
35782
20308
35776
35775
4833
35772
35771
20300
35766
35765
4823
4817
20289
35759
20288
35757
4809
20280
35749
4806
4798
4795
4788
20261
35731
20259
35729
35728
4785
35726
35725
4783
35723
4777
20243
35713
20242
35711
35710
20238
35708
35706
4762
35703
20230
35701
35700
4755
20224
20219
35688
20212
4737
4735
35672
4729
20198
20197
4724
20191
35661
4720
20189
4714
20182
35651
35647
35645
35644
4702
4699
4698
20168
20166
4691
35634
20163
20162
35631
4688
4685
20155
35625
4683
4681
35620
4679
20148
20146
20144
4672
35611
20139
4658
20130
20128
20127
35597
4655
35595
35593
20121
35591
4649
35589
4648
35583
35582
4641
4633
20103
35572
20101
35569
4621
20093
35562
20091
4618
35558
4617
4616
4615
4614
4612
35552
4608
4607
20075
35545
20073
4597
4596
20069
4594
4593
20065
20064
20063
35533
20059
4580
20050
20049
35515
20044
35509
4565
35506
35505
20034
20031
35500
20029
35493
35491
20019
35488
4547
20013
4537
35475
20004
19999
19998
35468
19993
4521
19991
4520
4519
4516
19987
19986
4515
19983
19981
19980
35450
4507
35447
35444
4502
4494
35441
19970
19969
35438
4493
19965
35435
19964
35433
35432
19959
19957
35427
4477
19947
35417
4476
4472
4471
19943
35412
19941
4463
19934
35404
19933
35402
4459
4455
4454
35394
35393
35392
4450
4449
4448
35388
35385
4442
35381
4434
35373
19899
35366
35363
4422
4421
4418
19889
19888
35353
35350
19877
35343
19869
35336
4392
4388
35327
35322
4380
4378
4377
19847
4372
19843
35314
35313
19842
19838
19836
4364
4362
35302
35300
4358
19822
35292
35290
19818
19817
4345
19815
35283
4340
4335
19804
35272
19798
35268
35267
4324
4321
4319
4315
19785
19776
35246
35244
4303
19768
35237
4293
4291
35233
19762
35231
19759
4288
19746
4273
19743
35209
19737
35207
19736
35202
4261
19730
19728
19726
35189
35188
4246
35186
4244
35183
19712
4241
19701
19700
19699
35168
35166
35165
19688
35158
4216
19686
4213
35153
4211
35151
35148
4206
19674
4200
4196
4195
19662
35131
19656
35125
4177
4175
35114
4173
19642
4168
4167
19633
35103
4159
35098
35095
4154
4146
35087
19616
35085
4143
35083
4141
19611
4139
19606
35076
19603
35072
19585
19583
4109
19579
35050
35049
19572
19567
35037
35036
35026
4085
4083
4080
19551
4079
35019
4076
4075
35015
4073
19543
4072
19540
19536
4065
4064
19533
35001
35000
19529
4056
4052
19522
4047
19519
19516
34987
34986
19513
19508
34980
34979
34978
34975
19503
4031
4029
4023
19493
4019
34957
34956
19484
4013
34950
4008
34948
4004
19475
34945
19474
34943
34941
34939
19465
34936
34935
34934
3988
34926
3984
3979
3978
19449
19448
34915
3965
3963
19433
19432
3961
19429
3957
19427
34896
19425
34892
3951
3949
19413
19411
34883
34882
34881
34880
3936
34877
19405
34875
34873
3930
19400
19392
19391
34861
34859
34858
19387
3915
19385
34853
19382
19381
34848
19376
34846
19373
3900
19369
34837
3896
34835
19364
3891
19362
34831
34829
19351
34821
34820
34819
3877
3875
34815
19342
3869
19339
34809
3868
3864
3863
34796
3848
3847
3844
19314
3840
34781
3838
19309
3837
3835
19306
19305
3833
34773
19301
19299
34766
3823
34764
34763
3819
19289
19279
34742
3798
34737
19265
34732
3790
19260
3789
34727
34726
19255
34723
34722
3778
34718
19246
19245
3771
34712
19241
3769
34705
3763
34702
19230
34696
19223
34692
34690
19215
34685
34682
3739
34678
34675
3730
3729
19199
34667
19196
34663
19191
3719
34657
3715
19182
34652
34650
34648
3706
34645
34641
19170
3697
3696
19166
3694
19163
3691
34631
19160
19159
34628
19156
3683
34621
3679
3675
19145
3673
34612
34611
34608
3666
3663
34605
19134
34603
34600
19127
19126
34595
19122
34591
19119
19118
34588
19116
19114
19112
19110
34579
34577
34576
3633
19102
3630
3628
3620
3619
34557
34556
34555
19082
34551
3610
19079
19076
34546
3596
34534
34533
19061
34529
3586
19056
19054
3582
3581
3579
34517
34515
34514
3572
19040
3565
34505
3557
3556
3555
19026
3553
3552
19023
34492
19019
34487
34486
34484
3537
34475
34474
3526
18997
18996
34466
18993
18988
3516
3515
3513
3510
34449
3508
3505
3500
3496
34440
3494
34438
3493
18963
34435
34434
34433
34430
3487
3486
34427
34426
3477
34418
3476
3475
34415
34412
3471
34410
34408
18937
3466
34402
34400
3449
18918
34388
34386
18913
18912
34383
34382
18908
34378
18907
3436
3434
34373
3432
34368
34366
18894
3419
18890
34361
18889
34359
18888
3412
18883
18882
18881
18879
34349
18875
3403
18872
34342
18869
18865
34333
18858
18857
34326
34325
3379
34317
3373
3372
3368
18835
34304
18833
3359
18828
18827
3351
34292
3350
34290
18818
3345
18814
3343
3340
18810
3339
34277
34275
3330
18802
18800
34270
18798
3325
18794
3320
3319
18787
3314
18784
3311
3310
18779
34248
3305
34245
3302
18770
18767
34236
34234
18762
18758
34225
18754
3281
18751
3277
3275
3273
18739
34208
3265
3261
18734
18732
34202
34201
18729
3258
34193
34192
3248
3244
18714
34183
34182
18709
3236
18701
18699
34169
3223
18696
3222
18694
18693
3221
3216
3212
18686
18684
18683
34156
34155
34154
18682
34152
18677
3203
18670
3198
18667
18666
3193
34133
18661
3189
3186
18658
18657
34126
18653
3180
34120
34119
3176
3170
18640
34110
3163
3161
3158
18629
18628
34100
34099
34098
18626
3152
18621
3149
3148
18618
18616
34086
34083
3138
3135
18605
34075
34073
3128
3127
34066
3123
34060
3119
18587
18581
34051
3110
3109
34048
18577
3104
3097
34036
3095
3089
18558
34027
3083
34020
3078
34018
34017
18546
18544
18543
34013
34012
3061
34001
18522
18514
3042
18507
3032
18504
18503
3030
3029
18500
33969
33967
3021
3019
18482
3011
18479
3008
3007
18476
3002
18471
33941
2999
2995
2992
18461
18452
2980
2979
18449
2978
33916
2973
33913
2969
33909
33908
18437
2966
2964
2963
33903
33901
2956
18426
2954
33892
2945
18415
18412
33879
2938
18406
18401
2919
18389
33859
18388
2911
18379
18378
2904
18375
33845
18374
2902
18371
33840
18369
2895
18363
18362
18359
2888
2886
18353
18352
33824
33823
33822
33821
2880
2878
33816
18338
18333
2862
18330
18328
2855
18324
2850
2848
18320
33789
18317
33787
18314
2841
33782
2837
18310
2836
18306
33777
33776
33774
18303
2831
18301
18300
2828
2826
2825
18295
33764
2822
18292
18290
2818
2817
18286
2814
33754
2813
33752
2807
33745
18273
2802
18271
18268
2797
33735
33733
33726
18255
18253
33723
2780
18249
2778
18244
33713
33712
2771
18238
33707
2764
2758
18232
18230
33700
33699
2757
33697
2750
18224
18223
18220
33691
33690
33689
18218
18214
33684
2743
2742
2740
2737
18205
18203
33674
33673
33670
2723
33661
18188
2711
18183
18182
2710
33650
2708
33648
2706
2703
18169
33636
33634
33633
2692
18160
33628
2684
18154
33624
2680
33622
18151
33620
18148
2677
18140
18137
2660
18131
18130
2651
18126
18125
18124
18123
33593
33592
18121
18120
18117
2645
33585
33582
2639
33577
33575
2631
33568
33567
33566
33563
2622
18091
33559
18082
18081
33550
33549
33546
18073
2600
18069
2594
18065
18064
33531
18058
2587
18055
2584
33523
18050
18046
33512
18041
18037
18036
18034
33503
18032
2561
18030
18028
33497
33495
33494
18022
2548
2546
33487
18016
2544
18012
18011
33479
18007
33477
33476
18003
33474
33473
2529
2528
2526
17995
33464
2522
33461
2518
2517
17986
2514
17982
17980
17979
17977
2503
33441
2499
17968
33438
17967
17966
33434
33433
17958
33429
17957
33427
17956
33423
33422
33421
33420
33419
2478
2476
2475
17944
33411
2469
2465
2463
33405
33404
33403
2461
33400
17926
33393
33390
33388
2443
17910
2435
17908
17907
17906
33375
33373
2432
33370
17896
33365
2422
33363
17892
17891
2415
17887
33356
17885
2412
17882
2408
17880
17879
17878
33347
17874
33343
2395
33334
33333
17857
33326
17854
33323
17852
2378
17848
33318
33317
17846
17843
17840
2369
33307
2365
2363
2360
17830
33301
33300
17828
17827
2354
17820
2346
17809
17806
2330
17796
33263
17791
33259
17788
17786
17783
2312
2308
17774
33241
17770
17769
17768
2296
2295
33235
2292
33228
33226
33224
2272
33207
33204
17732
17731
33201
17727
17722
17720
33190
2249
17718
2246
2242
2241
2236
2235
33175
33173
2230
17695
33163
2221
2220
33155
17683
2211
33148
2207
2204
17674
17668
33137
2194
2193
33134
2192
33132
2190
2189
2183
17650
2179
33116
2175
2172
17642
17641
33111
2170
17638
33106
2163
2161
17632
33101
17628
33098
2157
33095
17620
33090
2147
17614
2143
17611
2136
2134
33073
17601
33070
2128
2126
17595
33064
33060
17586
33054
33052
2110
2109
33049
17576
33046
2105
2100
2095
33041
33040
17569
17568
17567
2094
17565
33034
33029
33026
2083
2080
17548
33018
2077
33013
2072
17541
33009
17536
33005
2064
17533
2061
2060
32999
2057
2051
32992
2049
2048
17518
32988
2042
2039
32971
2027
32965
32964
32963
2019
2018
32958
32956
17484
32949
32947
2006
2005
2003
17472
2001
32940
17469
1996
17466
1994
32934
17461
32931
17460
32928
17457
1983
17453
32923
1976
32919
17447
32917
32916
1972
32914
1971
32912
17441
17438
1963
32902
32900
17428
1953
1950
17422
32891
32890
1945
32883
1939
32880
17409
1931
17399
17396
32867
32866
1923
17391
17390
17389
1916
1910
32852
17381
32850
17379
32848
32846
32845
32842
1899
17362
1886
17360
32829
17358
17357
32826
1884
32821
17348
1873
17344
17343
32812
32811
17339
17338
1859
32798
17326
17325
32795
17322
1851
32788
1842
32782
1837
17307
32777
32765
1832
1831
1830
1829
1827
17297
17296
17295
17294
32760
32758
32756
1816
17281
1810
32747
17277
32745
17275
32743
1801
32740
1799
32737
17266
32730
17257
17252
1781
1780
17247
1776
1775
1769
1766
17235
17230
32698
1758
17227
32690
32687
17217
32685
1745
32684
17210
32677
1737
1736
32675
1734
17200
32668
1727
1724
17194
32663
32661
17186
1715
32654
1713
1712
17175
1704
32641
32635
1693
17162
1690
17159
1687
1686
17154
32622
1680
32619
32617
32615
32611
32607
1667
17135
1662
17132
32599
1660
1659
17124
32587
17114
1643
32581
32579
1638
1636
1633
32571
17099
17097
32557
17091
1619
1618
17088
17087
32555
32553
1614
1612
17082
17080
1609
1608
17076
32543
17070
32537
17062
1591
1590
17059
1586
32524
17052
17049
1575
1572
1571
17039
32508
1567
32505
1565
17033
1562
17028
1557
1556
1555
1553
32491
1551
32487
17014
1540
17010
1537
32474
32470
17000
32464
32462
1523
32459
1520
16990
32458
32456
16987
1516
1515
32448
16977
32443
16973
1501
32440
1499
32438
32437
1492
32431
32426
16956
1485
32423
1483
1481
1478
1475
1474
16942
16939
32403
32402
1462
16932
16929
32398
1455
32391
16916
1444
16912
32381
1440
32376
16901
32366
16896
1422
1421
32359
16889
16884
1412
32351
16879
1408
1406
32345
32344
32343
32341
16870
32339
32338
16867
1396
32330
32328
32327
16855
32323
1383
32321
16848
1376
1375
1374
32307
1367
1364
16836
16835
16834
32301
16831
16827
1350
16820
32287
32286
16814
1343
32278
32274
16803
1332
1328
16797
1326
32263
32260
1318
16788
1315
32252
32250
1311
16781
16780
16779
32248
32247
32244
32242
16773
1302
16771
32238
32235
16763
32224
32222
1278
1277
32212
32211
32210
32207
1268
16737
1265
32202
1259
16728
32191
16721
32190
1249
16717
32183
1243
1240
32177
16706
32174
32168
1225
16695
32164
16690
1218
1215
16685
16684
16681
16680
32149
1207
1203
32140
1200
16670
16669
1198
32136
16663
16661
16656
32125
32124
1182
16652
32121
16650
32110
1176
16647
16646
32109
32107
1173
16642
1169
16640
1167
1166
16637
16636
16631
32100
1154
32092
32091
32090
16617
1145
1141
32077
32068
1128
16598
1123
16591
32059
1119
32056
1116
16586
1114
1113
32052
32051
1110
32048
1108
16575
32040
1100
32036
32033
1088
16556
32024
1082
1079
16541
32004
16534
16533
31998
1057
16527
31994
31993
16524
1053
16522
31986
16515
16514
31983
16511
1038
31977
31976
16503
16502
16500
1028
31964
1023
16495
16494
16493
16491
1020
1011
16479
16478
16477
16476
31941
16471
1000
31938
992
31924
16453
31918
979
977
16448
16447
31916
31915
16441
16440
31909
16437
31905
964
16433
961
31895
31893
31892
16423
31891
16421
31889
31886
945
944
943
16409
934
31869
31865
16395
924
31863
16392
919
16386
914
16380
16376
16375
31844
904
16370
898
897
16361
892
31831
16358
31827
887
16356
16354
883
882
31821
880
878
16347
31814
16340
31810
16338
868
16337
31805
31804
31803
31800
858
16325
856
855
31794
850
31787
16311
16310
31781
31780
840
16308
16307
836
16304
31774
16303
31770
31769
16291
31761
31757
817
16284
16279
800
31738
16259
31729
31724
785
784
16252
782
16250
16246
31715
775
774
16243
16240
31709
770
769
16237
31706
766
16234
763
760
16225
16223
753
31692
31689
16212
16204
737
16203
735
16201
16199
732
731
16198
729
16196
31666
726
31665
31664
16191
31662
31661
16189
16186
714
16179
16173
703
702
16169
699
16165
31633
692
16159
31629
689
16155
31625
16153
31621
16150
679
31617
16145
16144
16143
31613
16141
669
16136
31602
662
16129
31595
648
646
16115
31584
643
641
31580
16109
16107
635
16102
632
16098
16092
622
16090
620
31559
16086
31557
31556
31555
16081
16080
610
16077
605
31544
602
601
31537
16066
16064
16062
592
16055
31528
16054
31526
31524
584
16051
16047
31517
577
16045
31515
574
31513
16042
16039
31504
565
564
563
558
16027
556
31483
31482
31481
543
542
541
31480
31477
16006
16003
31469
31467
15992
31462
15989
15988
15987
15985
517
15984
31454
514
15981
15974
15972
15968
31435
31434
31433
15962
31430
31426
31425
486
485
483
15951
480
15949
478
15946
15943
31413
31408
468
462
15931
460
31399
458
15926
31392
31387
440
436
15902
15900
431
430
15897
31368
427
426
425
31362
422
31361
15890
15886
31354
412
31351
15876
405
15871
31341
31338
15867
396
389
388
15855
31324
384
15847
15846
15844
31319
379
31318
31316
31315
375
31314
15842
31311
370
369
31307
31304
362
15831
358
15823
15822
31295
31293
353
15821
351
350
341
31279
15808
15805
15804
15802
15801
329
15798
327
15795
15794
322
31261
31260
31256
31254
312
15777
31248
31246
306
15775
303
15767
31235
298
297
31234
31233
294
293
283
15749
15745
269
15734
31206
15733
31203
263
261
15730
15727
31194
255
254
253
15720
31189
15716
31181
235
31170
15693
226
225
15692
15690
31162
221
220
219
31158
15686
31156
215
214
31152
15681
207
205
15674
31142
202
201
198
15666
15664
31134
15659
15657
184
31120
178
177
175
31114
15642
172
31111
169
15638
31106
15634
164
31102
15627
31092
153
152
15621
147
145
15614
15613
141
140
15605
31074
129
31068
31067
15595
31065
31063
15590
15589
15588
119
31058
31055
31054
112
110
15579
31042
15568
31039
99
98
31037
15564
31034
94
15562
15556
31031
90
89
15555
31027
31026
31025
83
31021
31020
31017
31015
15544
15542
72
71
15540
15537
31007
15534
31005
15532
31003
31002
15528
30997
30996
30995
30991
15519
49
30988
43
41
15506
30974
30971
30970
15499
30967
30966
30964
24
22
15489
18
30954
30953
10
15478
30947
30946
15474
15473
15472
15464
15463
30930
15454
30921
15450
30919
15446
15444
15438
30908
15436
30902
15430
30899
15426
15424
30893
30892
30885
15414
30881
15408
30876
15400
30871
30870
30865
30859
30856
30855
15380
30847
15375
15373
30842
30841
30840
30837
30834
30829
30821
15349
30817
15340
30810
15335
30805
15334
30801
15320
15313
30779
15307
15301
15296
15294
15289
30758
15285
15281
30751
15278
30746
15274
15273
15268
30737
30735
15262
15259
30729
30719
30718
15242
15241
30705
30703
15226
30687
15216
30672
30663
30659
30658
30655
15182
15180
15179
30649
30645
30632
15160
15158
15157
15156
15155
15154
15153
30623
15150
30620
30619
30615
30611
30606
30605
30604
30602
15130
30596
30595
30594
15123
30590
30585
15109
15106
15103
15097
15095
30558
30551
30550
30546
30543
30542
30532
30527
30526
15046
30515
15035
30505
15033
30503
15029
30498
15023
15022
30493
30492
15019
30489
30487
15011
30477
30475
30471
30470
14999
14998
14996
14995
14990
14988
30452
14981
30450
30449
30448
30442
14963
14960
30428
30426
30425
30424
14944
14943
30411
30408
30407
30406
30405
14932
14931
30401
14923
14918
30388
30387
14914
14913
30381
14907
30377
30374
30370
14898
14895
30363
14891
14885
30350
30348
14873
30340
14868
30337
30334
30333
30329
30321
14846
30316
30308
14837
14832
14831
14830
30300
14821
14817
14814
30280
14809
14807
30268
14794
14791
30256
14784
14782
14780
14779
14777
14774
30241
30239
30238
14767
14763
30225
30221
14744
14743
14741
30210
14731
30198
30193
14718
14712
14709
14708
30176
30170
14694
30164
30162
30151
14678
30144
30143
30142
14666
30136
30131
14656
30127
30126
14654
30123
14651
30121
30117
30110
14637
30106
30104
30100
14627
30097
30090
14616
30086
14608
14602
14600
14598
30065
14594
30062
14589
30059
14583
30046
30043
30040
14569
14568
30036
14564
30034
14563
30025
14554
14549
30018
14546
14545
14544
30013
30012
14538
30008
30006
14533
30003
14531
29996
29992
14519
29988
14511
14501
14488
14482
29945
14468
29939
29938
29933
29927
29926
29925
14453
29922
14451
14448
29914
14434
14433
14430
29900
14416
29886
29884
29883
14412
29880
14408
14407
14404
29873
29872
14401
14398
29868
29863
29862
14389
29858
14387
14385
14383
29853
29852
29849
29848
29846
29845
14374
29843
14369
14368
14365
29835
29823
29821
29814
14342
29807
14333
29803
29800
14329
14323
14319
14318
29786
29780
14309
29767
14295
14294
29762
29758
14286
29755
29750
14274
29745
14273
29743
29741
29740
29735
29720
14246
14242
29713
14241
29711
29710
29702
29698
14225
14224
14216
14208
14207
29678
14205
29676
14204
29674
14203
14200
14197
29667
14191
14187
14182
14178
14172
29641
29638
14163
29632
29631
45101
45098
29627
29623
45090
29619
45087
14145
45084
45081
29609
29603
45069
45068
45067
14125
45057
45052
14108
45048
14107
45046
14095
45035
45032
14091
29559
29558
29556
14082
14081
29553
29551
45021
29546
29545
45015
14074
45012
29540
14063
14062
14061
45005
14059
29532
45002
29530
45000
44999
14055
44995
14052
29522
14050
29517
14045
29514
44983
29510
14037
44974
29501
29500
29492
44961
14020
29488
14015
14014
29483
29480
14009
44941
13999
13997
13995
13990
13989
29461
44931
13988
29459
44928
29454
29451
13976
13975
44918
29447
29446
29445
13974
29442
44912
13970
13969
13965
29438
44907
29436
29435
29433
44903
13962
29429
29427
29425
29424
13953
13947
13946
13944
13940
44879
13938
13931
29401
13929
29399
29397
13926
13925
29394
13914
29387
29385
44860
44859
44858
29384
44856
44855
44854
44853
44849
13907
29376
13904
44844
13903
44842
29369
29366
44835
29364
29363
29362
13890
29358
29356
13883
13881
44822
13880
44820
13879
44816
44815
44810
13868
13867
29334
29333
44803
13858
13857
29328
44799
44798
44797
44792
44791
44790
44786
13838
13836
44776
29305
13832
13825
29295
29290
29289
44759
29287
13814
29284
13813
13806
29276
44745
44744
13802
44739
13795
29265
13791
44731
44726
44723
29251
44720
13776
29246
44716
13772
13771
13770
29242
13768
29238
44709
44708
44702
13754
44693
13749
13748
13747
44687
44686
13744
44681
13740
29209
44674
13733
29202
44670
29197
29194
44662
13721
29190
29189
13717
13715
44649
13708
13706
13705
44645
29169
44638
29163
29160
13687
13677
29147
44617
44616
13673
44610
29138
13666
29136
13663
29133
44600
13659
44598
13655
13654
29124
29120
44590
13648
13642
29112
44579
13636
29106
13634
13626
13624
29096
44567
44566
13620
29094
44563
29091
44561
29089
44559
13617
29087
44556
29081
29080
13609
29078
44547
44546
29074
13602
44541
13595
44537
13594
29065
29061
44533
44532
44531
13589
13587
29053
44522
13581
44518
13574
29045
44514
29039
13562
13556
29027
44496
29025
29021
13548
13544
29015
13542
44483
44482
29011
13540
44479
13535
13534
29005
44474
29002
13525
29000
28997
44468
44467
28995
44465
44464
28993
13522
13520
28990
28989
13518
13515
44455
13512
13510
28978
44448
44447
13506
44445
13500
28970
44440
44439
13498
44437
44434
44427
13485
44425
44422
28950
44415
13471
13470
44410
13467
28933
13461
44397
13455
28923
13447
28919
44388
28916
28915
44385
13443
13441
13438
13437
13436
44378
13435
28906
13432
13428
28903
28898
44371
44370
44369
44368
28895
44363
28892
28890
28889
13416
44356
13415
13411
28878
13404
13401
13400
44339
13398
28864
13392
13391
44331
13387
13385
44328
13384
44326
28855
28854
13382
44321
44319
13371
13366
28839
44309
13365
44307
13364
28834
44304
28832
13360
44297
13356
28825
13351
44287
28812
44281
13338
13337
13336
13332
13331
44270
28796
44266
13322
13319
28790
28788
44258
28782
28781
44245
44244
13296
13295
28767
28766
28765
44234
13291
13289
28761
44230
44229
13288
13286
13279
28747
28746
44211
13267
44207
44206
13264
13261
28728
28722
44193
44192
13250
28720
28718
44186
13244
28714
13239
28707
13235
13233
28703
28698
44167
28695
28691
13217
13216
44155
44152
13209
28679
28675
13204
44141
44137
44136
28665
44132
13188
28656
13185
28650
13168
28638
44104
28632
28631
28630
44099
28628
13154
28618
13145
13143
44083
13141
44081
13140
13134
28606
28605
13133
44073
44072
13130
28597
13124
13121
13120
44060
28589
44057
44054
44051
28580
13109
44048
13107
44046
28574
13102
28572
13097
28568
28567
44033
44028
44027
13081
44021
13080
44019
13077
13076
28546
13075
13073
13070
13069
44005
44003
28532
28527
28526
43997
28525
28523
28522
43993
28521
43991
28520
28519
43985
43984
28507
13034
28504
13033
28499
28498
13026
28493
13022
28486
13015
13010
28479
43949
13004
43944
13003
13002
43941
43940
12999
28466
43936
12992
12989
12988
43929
43928
43926
12984
12980
43921
43920
12979
28444
12969
12968
12967
28437
43904
12963
28432
43901
12955
28426
28425
12954
12953
28422
12949
28415
43884
12943
12941
43879
12936
43875
12934
12929
43869
12928
12924
43865
28394
43863
12920
43858
12916
28386
28384
43852
43850
12908
28377
43844
12899
28368
28362
28359
43828
28356
12881
12880
28353
12879
43821
28348
43819
43818
12870
28341
43810
12869
28337
43807
43806
28335
28329
43797
12856
12855
12851
28320
28318
43789
43788
28316
43784
12843
43782
28310
28303
43774
43773
28302
12831
28298
28297
43767
28295
43765
43763
12816
12815
28286
28284
43754
12811
12810
43743
43737
12795
28265
43731
43728
12787
12785
43722
12781
43710
28238
43704
12762
28230
43697
12753
28223
43693
12749
43689
43684
28212
43681
43678
12731
28205
28203
28202
43673
43672
43671
43670
12724
43666
43665
28194
12723
28189
28187
43657
12714
28185
28184
43651
43648
28174
12702
43640
28166
12691
43631
28159
12688
28153
28152
28151
43620
28146
43612
12664
28132
12661
12655
28125
43595
12653
12652
12650
28120
28119
12648
28117
28116
12645
12643
43577
12632
28101
43570
12628
12625
28093
12620
28084
43554
28083
28081
43551
12609
12608
28078
12606
28076
43545
12603
12600
43541
28069
43539
28068
28066
28064
28062
43531
28053
28049
43518
12577
12570
12566
12565
43501
43498
28027
28025
12554
12553
28019
28007
28002
12531
27998
12524
43464
27992
27987
12515
43454
12507
27974
27969
43431
43430
27957
12484
12482
27951
12477
43417
12472
27942
43407
27934
43404
27929
12457
43397
12455
27924
27919
43389
27912
43380
12436
27906
27905
12432
12431
12430
27899
43366
43365
12424
12422
27886
43357
43356
27885
27884
12412
27881
27880
12409
12403
27872
43334
43333
43331
27859
43327
27856
27854
43324
12383
27852
12380
12379
12374
27841
43311
27839
43309
12363
27834
12362
12361
27830
27829
27827
43298
43297
12355
27824
27823
12352
12350
43290
27816
43286
12343
27814
27813
43280
43273
12328
27794
27790
12313
43254
12310
12308
27781
27778
43249
43248
27777
43242
12300
27769
43238
27766
12292
12279
43220
12277
43218
27747
43216
43214
43211
12266
12265
12264
43202
27730
12258
43197
43195
12251
27722
27720
27719
43189
43186
27711
27708
43178
12235
12234
43173
27700
27693
43160
43159
27686
43155
43154
27683
12212
43150
12207
12205
27671
12200
12199
12191
43132
12190
43130
27658
27657
43126
43125
12183
43123
43122
27650
43120
12179
12178
12172
43110
27638
43108
12167
12163
12162
12161
12159
12157
27629
27628
43097
27626
12152
12148
43090
27619
43088
43084
27608
43078
43077
27606
12126
43066
27595
12123
12121
12118
43060
12116
12115
27587
12114
27584
27583
43053
43052
12103
27574
43045
43044
43043
43039
27566
12091
12090
43030
27559
27554
27553
27551
43020
27549
27546
43014
27543
43009
12067
12064
27532
12059
27529
42991
27520
27516
12042
42982
12037
27507
27506
42976
12035
12030
12029
12028
27500
27499
12027
12026
12024
42965
27494
12023
27489
12017
12014
12012
42953
27482
42945
42941
11999
42937
27461
11990
42929
11988
11986
27456
11982
27452
27451
42920
42917
42915
42914
11973
11971
42910
11965
27430
42897
11955
11954
42892
42887
27416
27414
27413
11940
42879
27403
27402
27401
11930
27399
42866
11923
11921
42861
27390
27388
11916
27386
42855
27383
42853
27377
42849
42848
42847
27372
27371
42839
11895
11894
11891
27354
42822
11873
27346
27344
42814
27343
42810
11866
11861
42799
42797
11856
27323
27316
11844
42782
11841
27310
11839
42773
11832
42771
11828
27298
42768
11824
42763
27292
27291
27288
11816
27284
11812
11810
11809
27279
11807
11805
42742
27269
42738
27266
11794
42732
42731
42730
27256
27255
11781
42721
11780
11778
11775
42715
11774
11773
27242
27241
11769
42706
11764
27234
42702
11761
27225
11753
11752
27222
11749
42686
27215
27213
11738
42678
11736
27206
11733
27201
42671
42667
42665
27192
42659
42657
42652
11707
42639
11697
27165
11693
11691
27161
11688
11687
27157
27156
11683
11678
27149
42619
27148
27147
42615
42610
27139
42607
11664
11659
27128
42597
42596
27125
27124
42592
27120
27118
11646
42586
11641
27112
42582
42581
11640
42575
11633
11629
27099
42568
11627
11626
11622
27092
27087
11615
11614
42554
42553
42552
27079
11603
42544
27073
27070
11598
11596
27065
27059
42529
42528
27053
11582
27050
27045
11573
11572
27041
42511
27037
42505
11561
27031
42500
42498
11556
27025
11552
42492
11550
11544
27011
11540
27008
11536
11533
11526
11525
26997
26996
42465
42462
42461
26989
42456
11514
26982
11509
11506
42446
42432
10
251
130
229
265
183
142
140
477
197
14
