785
413
5123
1984
5128
1988
5130
5131
426
3571
3573
5145
3577
2008
2010
3582
446
447
5157
5158
2019
2020
452
5166
2027
5169
3600
3601
3602
463
5174
2029
2032
2035
5178
3609
3610
471
2036
474
2048
5189
3619
2053
3626
2057
488
3628
3633
498
2069
5209
2073
5213
2075
3644
5218
510
512
5223
3654
2086
2087
2091
3665
5236
5237
3667
5239
530
532
2103
5242
2108
541
3681
2116
2119
3690
2122
3693
2124
5265
2126
5266
3695
561
5273
565
566
5276
5278
2141
3714
5286
579
2151
2153
2155
2158
590
2164
5307
2168
2169
599
608
5320
2181
612
2185
3755
3760
3762
2195
2199
5343
636
5350
3780
3783
5358
5360
3790
3794
655
5365
5366
3797
3798
2230
2231
661
667
668
669
5379
674
5384
676
5387
3816
679
2250
5390
2252
2254
3826
2257
3827
2260
5404
5408
2270
3841
2274
3844
2276
5416
5419
5423
714
2285
5424
3855
721
3865
5439
5440
2302
2306
737
3876
2309
742
3883
2314
2315
2316
5459
5461
3893
5464
5465
756
3897
2329
5470
764
2335
3905
768
5478
2340
3911
773
3913
775
5486
3918
3919
3924
3933
3934
2367
797
2369
800
801
5507
2373
803
804
2376
805
808
5518
3940
3950
5523
3953
2388
5531
822
823
2394
3965
828
2399
829
3969
3973
834
2406
3977
2412
844
2415
847
5557
2422
3992
5583
2453
883
4025
5601
892
4034
5607
5610
4043
2474
4047
2481
5627
4060
5631
2493
5633
929
5639
932
5645
4077
939
940
4081
5660
5666
962
2538
969
2541
2545
2550
981
2553
2554
984
5694
2562
4133
5704
996
5706
5707
4140
1001
1007
5717
4152
2584
2587
2591
5737
4169
2600
4171
1030
1033
5745
4180
4183
5754
4185
4194
2624
1054
4197
5768
2629
1059
4203
5775
4206
2641
2642
2645
4216
4218
2648
4220
4221
2651
4223
4224
2655
5793
5796
1089
2661
5805
5806
2668
4244
4246
4247
2677
1111
4254
2685
5825
1118
1122
4263
2694
1128
4272
5842
5843
5852
4284
1145
2717
2721
2722
2723
1151
4295
5865
2727
5866
5868
2731
5871
5872
4305
4307
4308
1170
4311
1172
1177
1179
2751
2755
4328
1189
4330
2760
2761
1193
5904
1197
4338
4339
1198
5908
5911
1204
2775
4347
2780
5924
4357
1217
2791
4362
2793
2794
5935
1228
2802
2803
4375
1242
2813
5953
2816
5956
5959
2821
5961
5964
1255
1258
2830
5970
4407
1268
5977
5978
1271
4412
5981
5983
5985
4418
5988
1281
4425
2857
1290
6002
4435
6007
2869
1301
4442
6016
2879
1310
1311
6021
1314
6027
6028
2890
2893
1324
6035
1327
4468
4469
4472
1333
4474
4480
6050
2914
1346
4487
6057
4489
4492
6063
1359
1360
6071
1365
1366
2938
2940
6084
2945
1376
2949
2950
6091
6096
2957
1387
2959
1389
4535
1397
6107
1399
6109
4542
1402
1409
4552
1413
2985
1417
6130
4561
6131
4563
6132
6134
6135
6137
4570
1432
4573
1436
6147
6149
4580
4581
4583
4590
3020
6162
3021
3023
1452
1453
1455
3028
1461
1463
1466
6177
6180
4614
3048
1482
3055
1485
6199
1491
1495
3067
4640
6211
3072
3073
1502
6215
4646
3077
1508
6219
1515
3086
3087
6230
3091
1521
3093
1524
4665
3096
1529
4670
1531
3104
1538
6249
3111
6255
6256
1549
3121
3126
6267
1556
4699
1558
4701
1561
2
6283
1572
4715
7
3147
4719
3148
1580
12
6293
3153
3157
3159
20
3161
6302
6304
6305
4736
3167
6309
4739
1600
4742
4743
38
1608
6321
3181
1613
4754
6325
3186
6327
4757
6329
6330
4758
6332
4761
1615
55
6335
1616
1618
6339
1620
1621
3202
1632
3206
4777
68
3209
1644
3215
3219
6360
4790
3222
1655
3226
88
91
4803
1667
1668
4811
3242
104
3246
108
6388
3248
6392
113
114
6394
4823
3252
3256
6401
4832
125
6405
4836
3267
1699
132
4842
1704
3275
1705
139
3281
3284
6427
6428
4859
6434
6435
3299
4870
3301
162
3302
3306
6448
4883
179
4890
4891
3322
3323
1750
3325
1756
4899
191
4902
3331
194
196
200
3343
207
1777
4921
214
3356
219
1789
1791
1793
3364
3366
229
1806
4947
3378
4949
241
243
4953
4954
253
4963
1829
260
4971
263
3404
3413
1844
4986
1855
286
1856
1857
1859
290
291
292
5001
1860
299
1870
5011
1873
305
5016
3448
1880
5021
3452
3453
1882
3455
316
3457
318
1890
3461
1892
1893
324
325
1898
1902
5044
3477
5049
1911
5052
349
1926
5069
1929
1930
5075
5080
5084
1955
1964
3536
401
1972
3544
3545
1980
3
27
16
85
