403
558
2169
2168
1359
548
543
2156
1349
1346
1344
2150
2145
2144
2142
529
2136
523
518
2130
1322
1321
1319
2122
2119
506
505
503
2112
496
1301
1296
1294
2100
1291
2098
2097
481
2091
2089
1280
1279
472
471
1276
468
2079
1271
460
459
458
1265
456
2069
1260
1259
2066
2065
2064
450
1256
447
2060
1253
445
1250
2056
1248
2052
2051
2047
1241
2045
433
429
1233
423
1228
2033
419
1225
412
409
1213
2012
1203
393
390
389
1196
1195
1190
1993
1188
381
1186
1986
375
1180
1984
372
1176
369
1977
1976
1169
1974
1970
1165
358
1965
356
355
1160
353
1960
1153
1152
1955
1150
1149
1147
1950
1944
1137
1135
1126
316
1920
308
1112
1917
304
1915
1913
1911
1105
1103
293
1904
1097
1902
289
1899
274
272
270
1075
267
1877
263
1871
1065
1064
257
1864
253
1058
248
1056
1055
1054
1050
1855
241
1851
1850
1040
1845
1843
230
1035
1026
1025
1829
1021
215
1018
208
1818
204
1814
1004
198
1807
194
1805
189
993
1799
1798
1784
172
976
975
1781
973
166
165
1776
965
162
1773
1771
159
157
961
154
148
1759
144
140
943
1744
1742
130
1741
934
932
1738
1728
918
112
912
911
1716
104
100
1710
97
1706
896
88
890
887
1692
1691
883
1685
71
69
871
869
1676
63
1674
1673
864
1670
1669
1668
56
858
54
1665
1664
49
47
1657
1654
842
1643
836
2446
28
1638
26
2443
21
2438
825
2435
2432
13
814
808
806
9
8
2424
2423
5
2422
3
1611
2419
2418
2417
804
801
796
2407
1599
1595
785
784
782
2396
1588
2394
1586
777
776
775
2384
770
1574
766
1571
763
2375
1568
2371
1564
2368
751
1555
1552
2358
743
742
741
735
2347
2346
733
1537
2343
2341
1534
727
1529
1528
2334
2332
1522
2327
713
2319
704
2317
2316
703
1507
697
1498
2304
1496
2297
681
2294
2293
679
1483
674
2286
672
2282
668
667
666
1472
664
2276
663
658
1467
1466
1465
1464
2269
2267
1458
2255
642
2243
1436
628
2239
625
1426
1425
2231
614
2226
612
1416
2220
606
2217
1410
597
1402
1395
2193
2189
1382
1379
2182
2180
1371
1370
561
2171
17
86
19
18
48
112
8
143
107
138
34
101
134
98
97
96
59
125
