597
1620
1624
431
432
433
1626
1627
1633
443
444
1637
1638
447
1643
450
1647
1648
1649
1650
459
460
463
464
1657
466
468
1662
1664
1665
472
473
474
1670
478
479
1674
1676
1678
489
1683
491
492
497
498
499
500
501
1691
1692
1697
1698
1699
509
1706
1707
1708
1713
520
521
522
1714
1717
1719
1720
527
529
1723
1725
1726
534
1729
538
539
1732
543
1737
1738
546
1739
548
549
550
551
552
553
1743
1744
1745
1749
1752
559
1753
1757
1759
566
567
1760
569
1764
572
573
1766
1767
1768
1772
580
581
1774
1776
1777
585
1778
1779
1781
1783
591
1786
1787
1788
595
1791
598
600
1794
602
1798
605
1800
1801
608
612
1808
615
1809
619
1814
1815
623
1818
1819
1820
1822
631
632
1825
1826
635
636
1828
638
639
640
641
642
643
1832
645
1834
1843
1847
657
658
659
660
661
662
1853
1855
665
666
669
671
674
679
683
691
692
697
700
703
704
706
708
712
717
719
730
732
733
734
735
737
738
739
740
745
748
759
764
766
772
773
774
776
777
780
781
789
798
799
800
806
811
812
813
815
820
821
824
830
833
835
837
838
840
841
844
849
853
855
858
860
861
863
865
876
877
878
881
883
888
890
894
895
896
905
907
910
911
914
917
919
920
922
926
934
937
944
948
950
952
953
960
968
969
974
976
977
978
985
987
988
990
991
995
996
998
1001
1003
1005
1006
1007
1012
1016
1019
1020
1021
1023
1032
1035
1036
1037
1039
1047
1048
1056
1058
1060
1063
1064
1065
1068
1072
1074
1075
1079
1080
1082
1083
1084
1086
1091
1092
1098
1100
1105
1111
1115
1120
1123
1138
1143
1144
1146
1147
1149
1155
1160
1162
1163
1165
1167
1171
1173
1175
1186
1187
1190
1194
4
1198
1200
1201
9
10
1206
1208
1212
20
1218
1219
29
31
32
1226
34
37
1231
1233
1234
44
1238
1240
1244
1247
54
55
1248
57
1249
1254
62
63
1258
1262
70
74
1268
77
1271
79
1274
1275
1277
84
85
1279
89
92
93
1287
95
1289
1291
1293
100
1294
105
1302
1303
111
1305
114
1308
1309
1311
1313
122
1316
1317
1318
126
1320
1327
135
136
137
1331
140
144
1343
1345
1346
153
1348
155
156
1349
1351
1352
160
1353
1354
1355
164
1357
166
1360
1361
1364
1369
1370
1372
1373
180
181
182
1374
184
185
186
187
1376
1378
1379
191
1386
1387
194
195
196
197
1388
1392
1393
201
1394
203
204
1396
206
1397
1399
1400
1402
216
1412
220
1421
1422
229
230
1426
234
237
1431
240
1434
1436
1437
244
1440
1441
1444
1445
1448
1449
1450
258
259
260
261
262
263
264
1454
266
267
1455
1456
1457
1458
1466
1469
277
278
1477
286
288
1483
1485
1486
295
296
1490
1491
1494
1497
304
1498
1502
1503
311
1506
313
1508
315
316
317
318
1509
320
322
1517
1518
325
329
330
333
337
338
1531
1534
1535
342
343
1536
1537
1539
1542
349
1543
354
1555
1561
368
1562
1563
1564
1565
1569
377
378
1572
1575
382
1581
1582
1586
395
396
1590
399
1598
1601
409
410
1603
1606
1607
1612
1613
420
1615
1617
425
426
37
99
105
33
109
111
38
114
42
116
45
120
122
58
59
134
61
136
62
67
71
73
76
150
151
5
79
153
82
9
84
85
159
19
20
96
25
26
