912
3181
1355
5003
5000
4996
1341
4987
1334
3160
3158
4983
4982
1333
1332
3155
1329
1326
1319
1318
1317
4970
4969
3144
1315
3140
4965
3139
4963
1310
3134
3133
1308
3130
4954
1303
1299
3120
1295
1293
1292
4937
1281
3102
3100
4921
1268
4918
1265
3091
3090
3089
4913
1263
1260
4906
1256
3080
1251
3071
3070
1241
4887
4886
3060
1235
4875
4874
1224
4872
3047
3045
3044
3043
3042
1217
3039
4863
3034
1208
3029
4851
1201
4849
3021
4843
4838
3013
3011
1183
1182
1177
2999
1174
4821
4818
1168
1167
4811
4810
1160
2980
2979
4803
2978
4800
1147
4795
2970
1144
4789
1133
4777
2950
1124
1118
1112
1111
2935
4756
2930
2927
4751
4750
4747
1098
1097
1096
1089
4741
2916
4739
2914
1088
1086
1085
2910
2908
4732
4728
1079
1078
2901
4723
1074
1073
1069
4714
1065
4707
1057
1056
4704
1055
4702
4701
2873
4695
4694
4692
2867
2859
2857
4683
2856
4681
4680
2851
4675
1024
2848
4672
4669
1019
2842
2841
2838
1013
4660
1010
2834
1009
1001
2823
4650
4649
4648
4647
4645
996
4643
4641
4637
2805
980
2801
971
2792
2790
4614
2789
4610
4609
4603
4600
4599
4596
947
2768
943
942
941
2764
934
4586
4585
932
2758
4582
2757
2756
2755
2754
4574
4573
921
2745
2743
2742
917
2737
4562
4561
2734
4556
907
4554
4551
2726
891
889
2715
2714
2712
4536
882
2704
879
874
4519
2692
2689
2686
861
856
851
2677
4501
2676
4499
2673
4496
845
843
2667
2665
4486
837
4480
4478
2652
4476
2651
825
2643
2641
4465
4463
4460
4459
810
807
801
800
798
2622
4440
788
4434
4433
784
780
778
777
4426
4425
772
771
2595
2593
4417
768
4415
765
4413
761
758
753
748
2572
746
745
2568
2564
4388
732
4378
2552
721
2543
4364
2536
4358
4357
708
2529
4351
4350
700
699
695
694
2509
2508
4331
4330
2505
679
4324
4321
4320
667
2493
2492
2491
2485
2484
2483
649
647
646
4290
2462
637
2457
2453
2452
4276
627
4272
2443
2436
2435
605
2428
4251
4248
2422
594
593
589
4241
2415
4239
2414
2411
4236
2410
4234
582
2406
4228
578
572
2397
4220
2394
567
4214
562
2385
2384
4203
549
4197
2372
4192
543
536
4181
2355
530
4177
2352
2347
2342
4166
512
2335
2334
2333
506
504
501
499
2322
4145
494
493
2313
484
2309
4133
2306
4131
4130
479
2302
4127
4126
476
2296
467
2290
4113
2286
2284
4107
457
4101
452
2274
4098
446
2270
2268
4091
4086
2261
4082
430
426
2251
2250
4072
4067
420
4066
418
4063
4062
2239
414
4058
410
2234
2232
4055
4052
4051
4046
398
2222
4045
2220
2217
390
2214
4035
4034
385
2208
383
4029
4023
2199
4020
372
2194
4016
364
4009
2185
360
357
4004
2178
352
3999
3992
344
2166
3985
3984
2160
3983
2158
333
3980
327
2149
2147
317
316
2140
3962
313
3958
2131
3951
303
3950
2122
296
293
2117
3939
2115
290
273
3920
3917
3914
2090
3908
260
256
2080
2075
249
246
3891
244
3890
242
2065
2057
3878
3877
229
2051
226
3873
223
2046
2044
3868
2043
3865
217
2039
2037
2036
2033
3854
2025
3847
2022
197
2020
2014
3837
3830
2004
180
3826
178
1999
173
168
166
1982
147
3793
3792
1966
142
1961
1960
3786
3785
136
3777
128
125
122
1943
1939
3763
115
3758
3757
1927
3751
5578
3750
5576
5574
102
5572
1920
5569
97
1915
95
5566
1914
3738
5561
90
89
1909
5556
5555
83
3730
5553
3728
3727
3726
5546
3719
5542
5538
5536
63
5534
3707
56
55
5524
1875
1873
1870
1867
3692
5515
3684
5505
3680
3679
3672
5500
27
3670
25
5496
23
5494
1844
3668
3666
1840
3660
5484
12
5478
5477
3651
3650
1823
5468
3643
1816
3639
1810
5458
3629
5453
3627
3626
3624
5447
5441
5440
5438
1786
3609
5431
1781
5429
1775
1770
1766
3590
1757
3582
3581
3580
1753
3577
5401
5400
3571
3569
1741
5391
3566
5389
3562
5385
5382
3553
1728
3549
3548
1723
5370
3545
5365
3539
3537
3536
5359
3533
5357
3532
3530
3526
1701
1700
1699
5343
1691
5338
3510
5335
5334
5332
1683
1682
3499
5323
1672
5320
1671
3490
1664
5311
1662
5309
1660
3482
1657
1656
5303
3477
1649
1648
3472
5291
3461
1636
3456
5279
1620
1619
5267
1614
1604
5253
3428
5250
3424
5248
1597
1594
3418
5242
3417
3415
3414
5238
5235
3410
1582
1580
3400
3399
5222
3397
3396
3394
1569
5216
5214
3389
3388
1562
5210
1558
3384
5207
5206
3380
3376
1550
3374
5197
3372
3370
5194
5193
5192
1543
3365
1540
1536
1535
1533
3358
5182
1532
5180
3355
1528
1527
3350
1524
5171
1519
5167
5166
5165
3340
3339
3338
3331
3330
5153
3326
3325
1500
1496
3320
5136
1486
3301
1471
3295
1468
3292
3291
5115
1463
5111
1461
1458
3279
1453
1452
3274
3273
5094
3267
1441
1437
1436
5087
5086
5085
5084
1434
1433
3256
1430
5078
1426
3252
3251
5074
1424
1421
3244
5064
5063
1413
3234
5056
3229
3225
5048
1398
5046
1396
5044
3219
3217
5038
1389
5035
1384
1383
5031
1382
3204
5026
1377
1374
5022
1370
3193
3189
14
240
100
323
350
122
92
203
86
57
251
26
77
161
76
