1836
4328
651
4321
7992
7990
645
644
639
7977
634
4305
7975
7974
630
628
4300
4299
7969
625
4294
4292
7963
7961
4289
7952
609
7951
607
605
4275
4270
4257
7926
580
4252
575
574
4246
4244
7915
7910
565
564
559
556
554
7897
7896
4222
7891
7889
7887
4215
7883
539
7878
7875
4201
527
11540
4192
518
4190
7861
7857
513
11527
7847
11520
11519
506
4178
505
4176
4175
7843
11514
7840
7839
4165
7836
7834
11504
487
485
11499
7825
480
7822
11494
7820
11491
4144
7810
11483
7806
11481
7805
4135
4134
461
11472
4128
7799
454
4121
448
7789
446
445
11457
11455
11454
4113
439
4111
438
7780
432
7774
7769
4098
11441
7768
7764
4091
7762
11432
11431
415
7758
7756
7753
4080
11422
4077
4075
4074
402
11417
394
4060
7736
7734
7732
389
388
4058
4057
11401
4056
4055
4052
11396
7723
4049
4048
4043
7717
11389
7716
7715
367
365
7707
11379
362
361
4032
4029
11371
7696
352
4023
4020
7693
4019
11363
338
11352
336
7678
7677
7676
7673
328
7669
3993
3992
7664
7663
7655
11333
11332
7654
314
11329
11328
11326
310
309
3977
306
7648
11320
300
3969
11313
3965
294
3963
11308
3962
11306
7632
3958
283
280
7623
7621
276
7618
3942
7615
11286
7613
3939
7611
11280
11279
3933
11277
259
11272
3923
254
253
11268
11267
3918
7591
7590
11261
3914
7585
7584
3911
11251
7575
11248
7574
11245
229
11244
11240
7567
3894
11236
220
7563
7560
11231
214
209
7551
11219
3872
11217
11216
3871
11214
3869
11211
195
7532
7530
11202
11201
3856
183
7526
181
179
178
7519
7517
11188
11186
3837
11183
7509
7508
11180
161
11174
3829
3827
3824
3823
11167
150
3821
7492
7489
7487
11157
141
7484
3810
11154
135
3799
132
3795
11146
129
7472
11143
11142
7469
124
123
3785
11130
3784
112
110
11124
3778
7449
105
7445
3771
11115
7442
3769
3763
11111
7438
3760
92
7432
90
11105
7431
87
3757
3753
11097
81
7424
77
3745
7417
11089
67
11080
7406
62
60
3728
11072
55
3722
11067
51
11065
49
11064
11061
7388
7387
11058
3707
7380
11051
7378
32
11047
7372
3695
3694
7365
11036
3689
15
7358
7357
11024
3678
7349
11021
2
7345
11012
3667
7334
11007
11006
7332
7326
7325
7323
7319
3643
7314
3640
3636
10981
10980
3635
3633
3632
10974
10973
3621
7292
7289
10962
10961
10955
10954
10952
7279
3606
3604
7275
7271
10943
3597
3596
3591
10933
3587
3586
10926
7251
3577
10918
7239
10909
3561
7232
7231
7229
7228
3555
3553
3546
10892
7219
7218
7213
10885
3540
7211
10882
3533
7205
10878
10877
3522
10869
7196
7195
7194
7192
7180
10852
3507
3505
10849
10846
10845
3499
7170
7165
7164
7163
10832
3487
3485
10829
7151
3477
10819
3472
3471
10816
7143
7141
3467
10810
10807
3459
7133
7132
10803
7130
10801
10797
10792
7118
10789
7116
3443
10786
3440
7109
10781
7105
7103
10770
7094
10767
7092
7091
10764
10763
7089
3408
10754
7081
7080
10750
10748
10746
3400
3399
10742
10741
3394
3393
3389
10734
7061
3385
10728
10726
7051
10722
7048
7045
7041
7039
3360
7026
10697
3345
7019
7018
7017
10688
3342
7013
10685
7003
10674
7001
3327
3325
6997
3320
6993
10665
6992
3319
3314
3313
6986
10657
10656
10655
6976
6975
6974
10646
3301
6972
10642
10639
3293
10634
6960
3286
10621
6948
3273
3270
6943
3269
6941
3268
6939
3258
3254
3253
6925
10596
6919
10587
3240
10584
6906
3225
6898
10569
6896
3223
10564
6888
10556
10555
10554
6873
10540
6866
6864
10535
10532
6859
6858
3179
10522
3174
6846
6843
10514
10513
10509
10508
3153
3152
6821
10492
3146
3138
6811
6810
10472
10470
3121
10465
10460
3115
3113
10456
6783
3109
10448
3100
3098
6769
3095
6766
6765
10432
3084
6754
10426
3076
6750
6749
3075
10419
3071
3068
10416
6743
10414
6741
10412
6735
10407
6730
3057
3056
6726
3053
6720
10383
3037
6708
3033
3032
10377
6704
6703
6698
10368
6694
6693
10365
3020
6690
10361
10358
10356
10353
10352
6675
2999
10344
2998
6670
2995
2993
10334
2984
6653
2980
10323
10322
6647
6644
6638
10310
2964
10307
10305
2957
6629
10302
6628
10300
6626
6623
10294
6612
6611
10280
2931
6601
2926
6599
10270
6595
10267
10266
6590
2916
6587
2910
6582
6580
10248
2902
2891
6563
10234
10228
2880
2878
10221
2876
2874
6545
10211
6536
2862
6526
6525
2850
2848
6521
10192
2846
2845
10189
6516
6514
2836
6508
10179
2832
2831
6500
10170
2823
6495
6492
2819
6487
6486
6483
10154
2806
2805
2801
6469
6466
6465
6463
10136
10135
6462
2788
2783
10127
6453
10120
6444
6442
2769
2767
10111
2761
6435
6434
6433
10105
6432
6431
10100
6424
2750
6417
10087
2742
6413
6411
2737
6405
10077
10073
2723
2717
2715
6387
10059
2711
2710
2709
6381
2705
2701
10045
6365
2690
6362
6361
10033
2686
2685
10026
6348
6347
2671
6343
10015
10011
10010
10009
10008
6335
10003
10000
2655
6324
2650
2649
6321
9991
6317
6311
6310
9981
6304
9974
2626
2625
9970
9969
9965
2615
6289
2613
2612
2609
9957
2608
9955
6282
6281
6280
2604
6276
9946
6272
6268
6266
9938
6264
6259
2585
2578
6248
9919
9913
6234
9905
6231
6223
6214
9886
6213
9882
6207
2533
6205
2532
6203
9874
2527
6199
9869
9868
9867
2518
2514
2512
6186
6184
9856
2507
6176
2500
2499
9843
9841
9837
6163
2488
9830
6157
6155
6153
9822
2477
6148
9819
9818
6141
6137
9809
6136
2460
9802
2453
9800
2450
2449
6122
9796
9795
9794
6121
2448
2443
9787
6113
6110
9781
2436
2434
2432
2430
6101
2424
9766
2419
9762
2415
6088
9759
2412
6084
2408
9753
9752
9750
9749
2404
2401
9746
9745
2399
2397
2393
9737
2387
6061
2384
6059
6057
6056
9728
6054
2380
6052
9721
6048
2375
9718
9712
6039
2366
6037
2357
9701
6027
6026
9695
2347
2346
6018
9690
2342
9686
6013
6012
2339
2335
6004
2328
5999
2324
9668
2321
5994
5993
9663
5989
2316
9659
9657
5981
5979
5976
9647
9643
2297
2293
9635
2290
5960
2287
5958
5955
9627
5954
9624
9623
5950
2277
5947
2274
2273
5937
2264
2263
5933
9605
2260
5931
2254
2253
2252
9598
5924
9596
9595
5921
2248
9590
5917
5916
5912
2234
2230
5901
9572
9568
2222
9564
2218
5890
2214
5887
9558
5884
2205
2196
5871
2193
5869
5868
9539
5866
9537
5862
9534
5861
9531
5855
2181
2178
5845
5844
5840
5837
9510
9509
9503
9502
2152
5820
9492
9490
2143
9486
5813
5810
9481
9479
5805
9476
2131
2129
2128
9472
5799
9468
5795
2121
9464
5790
9461
5788
2115
5782
9455
9454
2102
9447
5773
9445
2098
9441
9440
9439
9438
9435
2090
5760
5759
9427
2081
9422
9419
9418
5745
5742
5740
5739
9407
2060
9404
9400
2051
9393
5716
2042
5713
5712
2033
2030
5702
9376
9375
9374
9369
5692
9363
5683
9351
2006
9349
2003
2002
1999
1997
1994
9339
5666
9329
1981
5652
1978
1976
1975
5646
1964
9309
9308
5631
9303
9298
1949
5622
9294
5620
9292
9289
1943
1941
1935
5607
9278
1933
1929
5600
9271
1926
1924
9266
1918
5591
5590
9262
5589
1916
1912
9254
1903
5571
9242
9239
9235
5559
5557
1884
5555
1879
5549
1873
1872
9217
5544
1868
5539
5538
9208
5534
5533
1858
5530
5527
5526
5524
9194
5521
9189
1840
9184
5506
5505
5502
9175
9174
5499
1823
5488
9160
9159
1813
5483
1809
5480
9151
5476
1800
9143
1797
9138
1791
5460
5457
9129
9128
1781
9124
1778
1775
9119
1772
5443
9114
1768
5440
9108
5435
1761
1760
5431
1755
9098
1752
9096
9095
1750
1748
9091
5415
9087
1736
9084
5410
9082
5409
9080
5407
5406
1727
5399
5398
9070
1708
9052
5378
5376
9049
9048
5373
9044
1699
5368
9040
9037
9036
5363
5350
9023
9022
5348
9019
9017
1672
9015
1666
9000
1655
8990
5312
5310
8981
8980
8979
5306
8976
1631
8974
8972
5299
1624
5297
5296
5294
1620
5291
8963
1618
8961
8958
8952
8950
8949
8948
5272
5269
5268
1595
5266
8936
8935
1585
1579
1578
5252
5251
8923
5250
5247
1574
1564
8907
1556
5226
1553
5220
5219
8890
5215
5214
1540
5208
5203
8875
1530
8873
1528
1524
5195
8867
1521
5192
8863
8861
8858
1502
5175
5174
8842
1495
5167
8838
5162
1489
1486
1481
1478
1476
5148
5146
8816
1465
5135
8807
5134
1460
5130
8802
5129
5127
8797
1452
1448
5121
5118
8791
8790
1445
1444
1439
5106
8771
5098
1424
1422
1419
1417
5088
1412
1410
5081
1407
5078
1403
5075
1398
8742
1394
8739
5066
5064
1388
5054
5052
1374
8717
1370
1369
1368
5040
5039
8711
1355
5027
1352
5022
5021
8692
5019
8690
5016
1340
5012
5011
1337
1336
1334
5007
5006
8676
4999
1325
1323
8667
1321
1313
4988
4987
8658
4985
4981
8653
4976
4975
1297
8641
4968
4964
8634
4959
1286
1282
4956
8627
4954
8622
8621
4947
4946
4941
8613
4932
8604
1257
4928
8600
4924
1251
1248
1247
4919
8589
4915
8582
1236
1235
8577
1229
8572
8571
1226
1224
1222
1221
4884
4881
8552
8551
1204
1203
4875
1202
1199
8541
4868
1194
1193
4863
4862
1189
1188
4857
1183
1182
4854
4853
1173
8517
4841
8511
1165
8509
8506
8503
1153
8498
8497
8496
1149
1142
8483
1138
1133
4807
1131
4805
8476
4802
8474
4799
4796
8469
8468
8467
8466
8464
4789
1115
8453
1108
8451
4774
4772
4768
8439
1092
4764
1090
8433
8432
1087
8430
1083
1081
1080
4747
4746
4745
8411
1062
8405
1059
8399
1051
4722
1045
4716
4715
4714
1041
1040
8383
1033
1032
1031
4703
1027
4697
8367
1020
1016
8359
1002
999
4667
8337
989
4663
4662
4661
8332
984
4658
4656
8328
4655
8326
976
974
4645
970
968
8314
8313
4640
967
4636
959
4630
8302
8301
4627
4626
8296
8295
4621
943
4614
8282
8280
934
4605
930
8274
928
4600
927
925
8269
924
923
919
916
8260
915
907
4580
4579
8251
902
4572
898
4568
4563
8236
8235
889
888
887
886
884
8228
8227
4554
4550
876
4547
873
8217
4544
4542
4541
8213
4538
865
4535
8202
856
8196
4523
8194
8185
8177
8176
830
4502
4500
4497
8166
820
4492
818
817
4488
815
808
8151
801
8144
4471
8142
8135
8133
789
784
783
4455
782
4453
780
773
771
8107
4438
4437
4436
4435
8106
8104
758
4428
8096
751
4424
4423
750
4420
747
742
4406
733
732
4403
4401
4398
724
723
722
4393
4391
718
8058
715
4386
4385
710
8053
8048
703
4375
4373
8043
4371
697
4368
8036
692
691
4358
8029
8027
8026
8025
679
4348
4347
4344
4343
4338
660
4331
658
14
199
30
29
335
22
20
106
359
134
77
76
351
322
9
