5604
15780
26992
15784
38207
27000
4584
15794
15801
27018
27019
4602
4603
4606
15810
15818
27031
27034
4618
27036
4619
15828
27039
4623
15829
27042
4626
15835
27045
4629
27047
27048
4633
15838
15844
27054
27056
15851
15855
4648
15857
4650
4662
15870
27080
27081
15876
27089
4673
27093
4679
15887
27097
27101
4685
15896
15901
27119
27120
15915
27124
4710
27127
15919
27130
4714
4717
15925
27137
15938
27147
27148
15943
4740
4741
15954
4747
27164
27165
4749
27167
15957
27169
15959
15962
15963
27174
27175
15966
4761
27181
27183
27184
27185
4768
4771
4772
15984
15987
27196
4780
15989
15996
15999
16001
27211
27212
16004
16007
27219
4803
27224
4809
27228
16021
4816
16024
4820
16032
4829
16039
16040
27251
4835
4837
16046
16047
27256
4842
27266
4851
4852
27270
4855
27273
16066
27276
27284
4868
4871
27288
16083
4879
4880
27297
27298
16087
27305
4895
16104
27317
16110
16111
4904
27323
4907
4913
16121
27337
16132
27342
4931
16141
27353
27354
4937
27357
27358
16152
27361
27362
16153
4957
16167
16170
16173
16174
16178
27387
4971
27389
4975
4976
16194
16195
27404
4989
27407
4996
4998
16207
16211
27420
27422
27426
27428
16229
16236
5029
27447
27448
16240
5042
16250
16256
27465
27471
5055
16263
5065
5066
5067
5068
16273
16277
16281
5074
27495
16287
5081
27498
16290
16291
16295
27505
27510
27512
5096
16304
27515
16305
27517
27519
16313
16316
27529
16321
16328
16329
16330
5123
5124
5127
16336
27545
16339
16341
5136
16346
16347
27556
27561
16357
27570
16362
5156
16368
27581
27585
5170
16379
16384
16385
5177
16389
27598
5181
16406
16409
16412
27620
5208
5209
16421
16422
5214
5219
27643
27648
5233
5238
27655
16448
27660
16454
16455
5246
5250
16469
27677
27678
27679
5262
5263
27683
27685
27688
16483
16486
16491
27700
16494
5286
5294
27711
27715
27718
16513
16516
5310
5314
16523
27732
5317
27734
16527
5321
27738
5322
5324
27742
16537
16539
16540
16548
27757
27762
16556
16559
5353
5354
27771
27773
5358
27777
5362
16571
16572
16573
27780
27782
5366
5367
27786
16580
16581
27790
27792
5376
5378
16590
16591
27802
16595
5388
27810
27811
16605
27814
16609
27818
5401
27821
5405
5410
5412
16623
5415
5417
27835
27837
5425
27842
27847
16643
27852
5436
16647
27855
16650
16651
5443
5445
5446
5448
5449
27866
5451
16660
27870
5456
27874
16669
5463
5468
27885
16680
5472
27898
5487
27904
16697
5489
27907
16701
5496
16708
27916
16710
27919
5505
16714
16715
5507
27928
27931
5520
27937
27939
5524
27945
16739
5534
5539
27957
16753
5546
5548
27966
5551
27969
16766
27974
27977
5564
27988
5573
5577
27994
27996
5581
5584
16793
5585
5587
5588
28005
28006
28009
16803
16804
16805
16806
28012
16808
28015
16811
28029
5613
28031
5614
28033
5617
16827
5620
28037
5623
16833
28045
5629
5630
5634
28052
16847
5642
28063
16858
5650
16860
28068
16862
28070
16864
28072
28074
5652
16868
5656
5657
5661
16875
28083
16880
5672
5674
5676
16886
16887
28094
5682
28101
5686
16896
5688
5690
16900
16902
16903
16904
16907
5703
16915
5710
16921
16927
5719
16931
28140
5726
16935
28149
28150
16945
5737
5739
28157
28158
28163
16956
5750
16961
28169
5753
16964
5756
5762
5763
16974
5766
16976
28186
16980
28188
5775
16984
16985
28192
16987
16988
28197
16990
16991
5776
5779
28202
28203
5785
17000
17002
17003
28211
28213
17006
17007
5796
5797
28222
5807
5808
5810
17019
28227
17021
28228
17023
5814
17025
17026
28235
5816
5822
17031
28241
17035
28243
5828
5832
28254
28256
17049
5842
17052
28264
5852
5861
5864
17075
28284
17078
28289
17086
5879
28296
5883
28302
5893
28315
17109
17110
17111
5901
5902
28328
5913
28337
5921
28343
17136
5929
28346
28348
17146
28354
5938
28358
17151
28359
5946
5947
5955
17165
5961
5963
17172
28382
5968
28385
28386
5969
5972
17181
5974
28392
28393
17186
17191
5984
28401
17194
28403
28404
17199
17203
17206
28414
6000
28419
6004
17213
6006
28423
6009
28426
6011
17221
28431
17224
6016
17226
6017
17228
28437
17230
17231
17232
28438
28440
28447
6031
17242
17244
17245
28455
17256
17260
17261
17263
6057
6065
6069
17279
6073
6074
17283
17284
6077
17288
17289
28500
28502
17295
17298
28507
28508
6092
28510
6095
6098
6101
28518
17312
6105
17314
17316
6108
17320
28530
6114
6118
6119
17332
6125
28542
17335
17336
28544
6137
28554
17347
6138
17351
28563
28568
6152
28570
6153
17366
17367
28576
28580
17375
28584
17377
17378
17379
6170
28591
28592
6175
28595
28597
17390
28599
6184
28601
6186
28603
28607
28609
17408
6204
17416
28624
28626
17419
28627
6210
17428
17430
28640
17436
6230
17441
28649
6237
28657
28658
6253
6258
17473
28682
17478
17479
17481
6275
17489
6281
6282
17496
17497
6289
6294
17504
6300
17510
6304
6305
6306
17515
28723
28726
17520
6314
6319
17529
6322
6323
6327
17540
28749
17542
17548
28757
6340
28762
17559
28767
17561
6354
6355
17564
6358
17567
28776
17578
17579
6372
17582
28794
6379
17588
17591
17595
6390
28807
17604
17614
28823
6407
17621
17622
6415
28834
17629
28838
28839
6421
6427
6429
17640
28848
6441
6443
28863
17657
17660
28869
17662
6455
6456
28874
6458
6462
6463
28882
17677
6471
6475
17686
6478
6479
28897
28901
6485
6492
17704
17707
6503
17713
28923
6507
28929
6513
28931
17724
17725
28932
6518
28941
17738
28948
17741
17749
28959
6546
6549
17758
6552
17763
28978
17771
17774
6568
17781
28989
28996
17789
6581
17791
29000
17793
17799
17805
17806
29016
6601
17811
29023
17816
6611
17820
29028
17823
6620
17831
29044
6629
6632
17841
6636
17850
29058
17854
29062
17858
6652
17863
17864
17866
29076
17869
6661
17871
17872
29079
6665
17879
17884
6676
6680
29103
17900
17901
6693
6697
6698
29117
17910
17911
17914
6710
6711
6712
17921
29131
29133
6720
17930
29139
6723
17934
29142
29144
17939
29149
17942
17943
29150
17947
17951
17952
29164
17957
29167
6753
29170
6760
17970
29179
6763
17973
29186
6772
17981
6774
6775
6779
29196
17989
29199
29200
29201
6785
17996
6789
29206
6794
6797
18009
6801
29221
6806
6812
29229
29231
29237
18034
6829
29247
29252
6836
18046
6840
18050
6844
18055
18058
29268
18062
18066
18069
6863
18072
6865
6868
29288
29290
18083
18088
29298
29299
6885
18094
29308
18101
29310
18103
29312
6899
18112
18114
29323
29324
6916
6918
18127
18128
29339
6925
18135
29344
29345
6931
29351
18144
6937
6938
18147
18158
18162
29371
6957
18166
29377
18170
18178
6971
6972
6973
29394
6983
29401
29402
6985
6986
29405
6989
18201
6994
18207
7002
18215
29423
29425
7011
29433
18227
18230
7022
7025
18234
18235
7031
29448
18241
29449
7036
18246
18247
29456
7042
29459
7046
29463
18258
29467
18261
18263
18267
7064
18275
7067
29485
18283
7080
29498
7082
7087
7090
29507
7093
29511
29512
7095
7096
18308
7100
18313
18315
29523
29529
18322
29530
7117
18327
18328
29535
29539
7123
7126
18337
7133
29557
7141
29561
18355
7147
29567
29571
18364
18365
7159
18368
29579
29580
18373
18374
29581
29587
29588
29594
18390
7185
18399
29607
18402
29610
18405
29613
7198
29616
29617
7205
29622
7206
29625
18418
29627
7211
18421
7214
29632
7217
18427
7219
29637
7221
18434
18435
29644
29645
18438
18439
18440
29647
7229
29651
7230
7234
29656
29658
7242
7243
7244
18455
29663
29670
18463
29672
29675
7259
29678
18474
18475
18476
18478
29686
29688
18481
29689
7273
18484
7281
18490
7286
29704
29709
18502
29713
18513
29721
29723
18516
7306
29726
29727
18520
18521
18522
7310
7312
7314
29738
7322
18532
18535
18537
18538
29749
7333
18543
29755
18549
29765
7351
7355
18564
29772
18574
18578
7370
18580
18581
18582
7372
18584
29792
18586
7380
18590
18594
18595
29807
18600
7394
29812
7396
29816
18609
18610
29819
18612
18613
18614
18616
29825
7408
7410
7412
7414
18623
18624
7416
29838
29841
29842
18635
18636
29843
7426
29847
7430
18641
18642
7435
18644
18648
7447
18656
7449
7450
29868
18663
7458
7461
29879
29885
18679
7473
7478
29895
29898
18691
29900
7482
7483
7494
18706
29914
18708
7499
7500
7502
7505
29922
18716
18719
7511
29929
7514
29932
18728
7522
7530
18743
18744
18745
29951
7540
18754
29968
29974
29979
29984
18777
29987
18782
29990
7574
7576
29994
7580
7584
18793
30002
7586
18796
7593
7595
18805
18810
30019
7604
7605
7606
30023
18818
18821
7613
18823
30032
7616
18826
18830
30038
30040
7634
30053
30057
7641
7644
7645
7648
7650
7653
30070
7657
30074
7659
30076
18871
30080
30081
7664
30083
7667
18879
7671
7675
30092
7677
7682
7685
7690
30107
7695
18907
30116
7699
30119
18912
18913
18916
30127
30128
18921
18922
30130
7711
18926
7719
7724
18933
7727
18936
18937
7730
7735
18947
18948
30155
18950
30160
18953
18954
18955
18960
18963
7756
30173
7763
18979
30187
18981
30191
7782
18992
18999
19000
19001
30213
7802
7804
19013
19014
7805
30226
7815
19024
7819
19029
7822
19031
7827
19036
19038
7831
19042
19043
7834
30253
19048
7841
30259
19056
30264
19058
30269
7854
19065
7857
30279
19073
30281
7865
7870
30287
30290
7874
19084
19085
7880
30297
30299
30305
30306
30307
7890
19101
7894
30318
19111
19113
7905
19116
30324
30328
19121
7915
30332
19125
7924
19133
30341
19135
30343
7929
7935
30352
19146
7938
19151
19152
30360
19154
7943
19156
30366
7953
7956
7957
19166
7961
19170
7963
7964
19173
19174
30383
30387
7972
30399
7989
30407
30408
7992
30410
19203
19205
30413
7999
8000
19209
30421
19214
8006
8007
19222
8014
19225
30433
8019
19229
30438
8025
19236
30444
30446
8028
8030
8032
19243
8035
8040
30457
19263
8055
30473
30477
30478
8062
8064
8066
30486
19279
19281
30489
8074
8079
30497
19290
8085
8089
30507
19304
8097
8098
30517
30519
30520
8106
30523
30524
30526
8111
30528
19321
19323
19332
30541
19335
19336
8134
8135
19344
30555
30557
19351
8146
19355
8147
30566
8151
8153
8154
8155
19366
19368
30577
19372
30581
8164
30583
19377
8169
30591
19385
19386
8178
19388
8180
19398
19401
19405
30613
30615
8206
19414
30626
8212
8215
8220
30638
30640
30645
8232
30648
8235
19443
19446
19447
19450
30668
30669
30670
8257
8274
19485
19486
8279
30698
19491
8285
19496
8291
8292
19500
30707
30709
30713
8298
8299
19507
19512
8310
8311
19520
30727
30728
8315
30730
8319
30736
19529
30737
8323
8327
19537
30747
19540
8333
19543
30754
8339
8343
19551
19557
8351
30770
8355
30773
8359
30775
30777
19570
30781
19574
19576
30789
8375
19585
30796
19593
30806
8391
8392
8394
19604
30814
30818
8404
8407
8408
19617
30824
19619
30828
8413
19632
19635
8432
30849
19644
19645
8438
30857
8447
19656
30863
19658
19659
30864
30865
8454
8455
19665
30873
8464
8467
30884
30885
30886
19679
30888
8475
19688
19689
30899
8488
8490
8491
8493
8495
8497
8500
19711
8504
30922
8507
19717
30926
19719
8512
8513
30929
30930
8519
8520
19727
8527
19735
30943
8537
8540
19752
19753
8549
30965
19760
8555
30973
19769
8566
8570
19781
30990
19783
30994
8579
30995
8581
8586
8591
19802
8595
19805
8599
31017
8605
31024
8610
8612
8617
8630
19839
31046
19841
31047
8635
19845
8645
8646
19854
31063
8653
19861
19864
19867
19868
19871
8667
31086
19881
31097
31100
31102
19898
31109
19903
8696
19907
8703
31121
8706
19916
31125
8712
8714
31130
8719
8720
31138
31140
8726
19937
31146
19940
19944
8740
31158
31159
19952
8746
31166
31167
19960
31174
8767
31184
8770
19978
8776
19985
8778
8779
8780
8781
8782
19991
31192
8785
19994
31195
31198
31199
31205
19999
31207
8793
31208
31210
8800
31217
8803
20012
31220
8807
20016
31224
31226
20019
8814
20023
20025
31235
8822
20032
31240
31245
31248
20041
20050
8847
20055
8849
8850
31266
8853
20064
8859
31275
20069
31280
31285
20078
8874
20091
31300
31301
20094
20095
8888
31306
20106
20107
31317
8902
8905
8906
20118
8911
20119
20121
8914
20122
31330
31332
20126
31335
20128
8923
31339
31342
20135
8929
8931
20142
20145
8940
20152
31363
20157
8951
31368
20161
31370
8964
8965
31384
8970
20179
31391
8979
8985
8987
20195
8990
20198
20199
20201
20204
20205
20207
31421
9009
31426
31427
31430
9015
9016
20226
9020
31436
9022
31437
31439
20235
20240
9036
20244
20250
9044
31462
9051
20259
20260
9055
31475
9060
20269
9063
20271
20272
31481
9074
9077
20289
31497
31498
31499
31500
20294
31509
20303
9096
20304
9108
31525
9111
20327
9123
9127
9128
31543
9135
9137
20347
9140
9145
9147
20358
31566
20360
9156
20364
9163
20372
31580
9166
31585
31586
20380
9178
20387
20388
31595
9183
9187
31603
31608
9194
9196
9198
20412
31621
31630
20423
20429
9224
9225
31640
31642
9229
20438
31645
9232
31646
20442
20447
9241
31661
31663
31664
20459
20460
31669
20464
31674
31681
9266
9268
31684
31685
31691
9281
9282
31701
20496
9291
9292
20500
20504
20507
20508
31717
31720
31721
20517
31726
9311
9312
9314
20522
31730
31733
20527
31735
31738
20533
31741
31744
31745
31746
31753
9338
9342
9344
9347
9348
20564
31772
9362
31778
9364
20572
20573
20575
31779
9369
20578
20579
31786
20582
31791
31792
20586
20587
9388
31805
20598
9399
20607
20608
20610
31819
31820
20615
31834
31836
9425
20634
9433
9434
9437
31855
20649
31861
31862
9447
20656
20659
9455
20665
9460
9471
31891
20685
9481
9482
20692
31902
9492
20702
9495
31911
20706
20708
9503
31921
31924
9509
20718
31929
9514
20722
20725
9518
31940
9526
20735
9529
31946
9531
20741
9534
31953
31954
20748
20750
31958
31959
20753
9546
31964
9551
9553
31973
31979
9569
20782
20783
31996
9581
31999
9586
9587
20797
20800
32010
20805
20806
32019
20813
32021
20815
32026
9613
9616
32033
9618
9619
9620
20826
32038
20835
20837
9630
20839
32045
20841
20844
9640
20848
32058
32060
20856
9651
20861
9656
20865
9660
32076
9664
32081
9668
20877
20878
9671
9676
9677
32092
32094
32095
9683
9687
32103
9689
9690
9693
9696
32113
20908
32118
32120
32121
32122
9709
9712
20921
32130
9717
32135
9720
32140
9725
9727
9730
32147
9733
9738
32159
32160
9745
9755
20966
32179
32182
32183
32188
9773
20982
32191
32192
20985
20990
9783
20992
9786
20995
32203
9791
20999
32208
9796
21006
32215
9802
32220
21014
9808
9812
9813
32228
9815
32229
32230
21035
9828
9830
32248
21042
32252
9837
32253
32256
32257
9842
32258
9849
32267
32268
32269
21064
21065
32274
21068
32276
9864
9865
32280
9869
9870
9871
21079
9873
9876
32295
32298
32308
32311
9897
9900
9901
9906
21116
21117
32324
32326
9913
32330
21132
21133
21137
21139
9940
32357
32358
21153
21157
9955
21164
32375
9960
9961
21168
21169
32381
21178
21182
32391
21185
21186
32398
32399
32403
9988
32404
32406
9991
9993
32416
21212
10008
10011
10017
32438
32439
32442
21236
21242
10039
21247
21248
10042
21249
32458
10048
32469
10054
21262
21263
32473
21270
21271
32481
21277
32485
32492
21285
10079
32496
21289
32497
10088
32508
32511
10103
10105
21315
21316
32526
21319
21325
21328
21329
32538
10125
32544
21339
10132
10133
21341
10138
21346
32554
10143
10144
21351
21352
21354
10151
21360
21362
21364
32573
10158
21367
32576
10165
21373
32582
21377
10173
21384
32592
10178
21387
10180
10185
10194
10200
21409
32616
10203
21415
21416
21417
10210
21418
32627
21424
32633
21426
32635
32638
21431
32642
10230
21441
21442
10236
10238
21451
21453
32663
32666
32668
21461
32669
10256
21465
32678
10263
10264
21472
32682
10269
10270
10273
21482
21483
10276
21487
32699
10285
21493
10289
21498
10291
21502
21503
21505
32714
32715
32718
21512
32721
32722
21515
21519
10316
10317
21528
32736
32743
21537
10331
32751
10339
21547
32762
10349
10352
21561
32771
10356
10360
10363
21574
10368
21579
32788
10372
10373
21583
32792
32795
10381
32798
32799
21591
10388
21596
21597
10391
21599
32810
10395
21607
32817
21609
32824
10409
32827
32828
21621
10414
10418
32837
10421
32839
10425
10427
32846
32848
21643
21649
32860
32861
32862
32865
32866
21657
10453
32871
32873
10459
21670
32880
10464
10466
10470
32887
21680
32893
32894
21687
32900
32901
10486
10488
21699
32908
21701
10494
10495
32914
10499
10502
10514
10517
10520
32937
10522
10525
32942
10526
32950
21742
21746
21747
32957
10545
32962
10552
21761
21763
10556
10557
21766
32975
10560
21772
10565
21774
32983
10568
32992
10580
21790
10585
21793
21794
33008
10592
10603
10604
21812
21814
10610
33027
21822
21823
10617
33034
10618
10619
10623
21836
33047
10632
10633
21839
21841
21844
33055
21847
10641
33059
21851
33061
10645
33063
10646
10647
33069
10654
10655
21866
10663
21872
10666
33084
33085
10670
10687
33110
21903
10696
10699
10700
21909
10703
21921
33135
10721
21932
33142
21938
21940
10739
21947
21949
21952
33161
10745
10746
10747
10748
10750
21955
21957
21964
21965
33174
21966
10761
21972
33181
10769
33191
33193
10777
21985
10781
10782
10785
10787
21996
21998
10793
22005
33214
10800
22012
22014
22015
10809
10812
10813
22022
33232
22028
10822
22033
33244
33245
10829
10831
22041
22044
10838
33255
33256
10840
22050
22052
22053
22055
33265
33266
22060
10857
33274
33276
22075
10870
33294
10885
10889
33307
22099
10897
33315
22107
33321
33322
10909
10916
10918
10924
33341
10927
33344
22137
10934
10935
10937
10939
33356
22150
33362
10950
22158
22160
33379
33381
33383
33384
10968
33386
10969
33392
22185
10978
33395
33397
10985
33402
22193
10992
33409
33431
22223
22226
22229
33442
22235
11030
22239
11040
33461
22254
11048
33466
33467
33468
11053
33471
22268
22269
11065
11066
33488
33490
33491
33492
33493
22282
22283
22288
11086
11089
33512
33513
22304
11100
11102
33520
11104
11107
33524
33525
33526
22315
22318
33531
22325
11118
22327
22330
11125
22334
22338
33548
33552
33553
22344
22345
11142
22354
33563
11150
22362
33572
33578
22370
33585
33586
22379
33588
22380
22382
33592
33596
11180
11181
22388
33600
33602
33603
11188
33605
11191
22406
33620
33621
33623
11211
33630
22424
11218
22428
11221
33639
22431
33643
20
11229
23
22441
22442
29
11237
33659
11247
42
44
46
22463
11269
11272
22481
22486
33696
33698
11283
22497
33706
11290
33709
86
33713
11297
33715
92
93
33716
33717
11299
33721
22505
99
11308
22506
22511
11311
22515
33729
22522
22523
22524
113
11321
33740
118
121
33745
33746
33747
11329
126
22544
11338
33757
136
33761
22553
33763
33764
33765
144
33768
33769
11352
148
22560
33775
11359
11360
22567
156
11364
158
11366
11367
22575
11374
22582
11377
33795
11382
176
177
33800
179
11386
22596
11391
33812
11401
22611
196
22614
11407
22617
11411
22622
11416
22626
22628
11421
33838
11425
219
33844
33845
11429
22636
224
33848
33849
33850
230
11438
11440
22652
33861
242
245
22661
33873
22667
11460
253
33877
255
22673
11467
11470
266
33891
33892
11475
33895
273
22689
22690
11492
289
293
22710
296
22712
33922
33923
33924
11507
33926
22719
304
22722
33931
11515
22725
311
312
33935
33937
11519
11520
11525
11526
22728
22739
325
11533
327
22743
33953
332
333
11540
22751
33960
11544
340
11550
33969
33973
22767
22769
33978
11562
356
33981
11567
22784
33998
11582
11583
34006
385
34009
387
11596
391
392
34016
11601
11603
22808
34024
401
11608
11609
404
22816
22819
34032
11617
410
22826
34037
11623
22831
418
419
34042
421
34043
424
22840
34050
22847
432
11641
34061
22854
11650
34068
22861
11659
11661
22869
455
34080
458
11671
11675
34102
34103
22895
482
22898
484
34109
486
34111
22902
22904
490
11702
495
34124
11708
34126
11710
508
22928
516
22935
34146
523
34148
11733
526
11739
536
537
540
34164
542
22956
22957
34169
546
34171
22964
34173
550
34175
11760
22968
22970
557
11765
22975
22977
34188
22981
34190
34191
11775
34193
11776
572
573
574
34199
11780
577
22995
11789
11791
22999
585
23001
23003
11798
34215
592
34216
34220
11805
11806
34224
23016
603
34227
34228
23024
34233
34235
23033
23035
622
11834
23045
34260
34261
11846
34264
23056
23062
34274
652
655
656
658
11867
660
34285
23074
23075
665
34289
34293
11878
34296
11881
11882
23088
11885
23093
23094
11889
23098
11892
34311
34312
11895
34318
11902
23111
34321
11905
23112
23113
701
34325
34326
23114
34329
11913
23118
23127
11921
714
715
34338
721
722
11931
23138
725
34351
23143
23144
731
11939
34358
11943
736
34361
739
34364
11952
11954
23163
754
34379
23172
34385
34387
11973
34393
771
772
34397
23189
34399
23191
23198
34407
785
787
11997
790
34415
23206
34417
34418
12001
12002
23207
23212
12009
802
12010
34428
805
806
12014
23221
809
23224
813
23230
815
816
12023
34443
12027
12029
34448
23242
23244
12039
23248
23250
23251
839
840
841
842
845
847
34472
12058
852
23268
23271
12065
860
34486
12070
864
34489
12076
34494
12078
872
23286
23290
23292
12086
879
881
23299
886
12095
23306
12102
34519
34520
897
34522
12107
34526
12112
34529
34530
12114
910
23326
34541
23333
23337
34546
34549
23346
12140
933
935
23351
34562
12155
23364
34573
23365
34575
953
12162
12164
34582
12166
12169
23378
34587
23379
23381
34591
34592
34593
34596
23389
23390
23392
34602
34603
23394
34605
982
12190
984
34608
12193
23398
23403
23405
12198
23407
12200
34617
12202
23408
34620
12204
999
1000
23417
1002
12212
23420
1007
1008
12215
1010
12216
12218
12221
23423
34639
1016
34641
34642
12225
23428
23432
1022
1024
34648
12234
12235
23441
23443
12238
12241
34659
23451
12245
23453
1039
12247
23455
34666
12251
34668
34669
23459
1049
1050
12259
1052
34677
12264
23473
23475
34685
1063
12272
1066
1067
34690
1070
23487
12280
34697
23491
34700
23496
1082
34710
12297
12298
34717
23515
34727
1106
23523
34734
34735
1112
34736
1114
12318
12320
1120
23537
23541
34751
1130
23546
12340
34758
23551
1138
23554
1140
34764
12351
34768
23562
34774
1151
34775
12361
12362
12364
1157
1158
1159
34782
12365
1162
12367
12372
1167
12375
12377
23585
34797
12381
34802
12387
23594
34807
1185
1186
23603
1188
23604
1191
12400
34817
1194
23608
12404
23610
23611
23613
1200
12409
1202
12410
34828
23614
34830
23620
23622
23623
23625
12420
23630
1215
12424
1218
1219
1220
12430
1223
12432
23638
1227
1233
23652
1238
12447
1240
12451
23659
34871
12460
23668
12463
1256
1258
23675
1260
34886
1265
34889
12474
1270
1271
1276
12485
12488
1283
1284
1285
34908
1287
34909
34911
23700
12499
1292
34916
23704
1295
1296
23706
1298
23715
1301
23717
12511
12512
23721
34930
23727
23732
34943
1320
34944
23740
1328
34954
23749
34959
1340
12549
1342
34966
23759
1347
1352
34976
23768
12565
1358
23776
23779
1367
12577
12580
34999
23791
23798
23799
35008
35009
23800
35012
35017
35018
12608
1402
35027
12611
35029
1406
1407
35031
12617
1411
1413
12621
23831
35040
1417
23834
1419
12627
1424
12633
23846
12639
23847
35059
35063
12647
1442
23859
1446
35070
35077
12662
1455
35081
23875
1461
1462
12671
12672
35089
12673
1467
35091
23878
23881
12680
23889
35098
35099
12682
23892
1479
1480
1481
12688
23895
23896
23900
35110
1487
12695
1494
35120
23913
35123
23917
1505
35130
1508
1510
12719
1518
12731
23940
35149
12733
23944
1529
35155
23949
23950
1535
12745
12747
1540
1543
1546
1547
35171
1552
12760
23973
12767
1561
35185
35187
23977
1565
12774
23978
12776
12780
23988
35199
12785
35206
35208
35212
35213
24014
12809
35226
12811
24017
35230
35231
12814
24026
1611
35235
1616
24032
1619
1620
12830
35248
12832
35250
35252
35253
35255
35257
35258
24052
12845
12847
35264
12850
1644
1645
35268
24060
12856
12858
35279
12865
24075
1661
1662
24078
35290
35296
1674
1676
35305
24099
35310
24105
12900
1693
24108
35319
35321
1703
1704
1705
35330
35331
35332
12916
1710
24127
35338
35339
12924
35341
1718
1719
12927
24132
12932
1726
35350
35351
1729
1730
35354
35356
1733
24143
24147
35360
24152
24155
1740
35364
35365
12951
35368
24161
12956
35373
24164
24167
35377
35379
12964
24173
35386
12971
24178
35389
24179
1769
35393
1771
1774
24193
35413
12997
13000
24208
1795
1800
13010
24220
1805
24226
24228
1824
24245
24247
35458
35462
1840
35467
1848
35473
13062
13065
13066
24273
1863
35487
35490
24284
1870
1871
13079
24287
35502
24296
35505
13091
13095
24303
1889
1899
35525
13110
24318
24321
1906
24322
1909
1910
35534
1913
24331
13127
1921
1923
35548
35550
24342
35552
1929
1930
1931
1932
13141
1934
1935
13143
13145
13146
24343
24349
13149
1942
1944
13153
35570
1948
35573
24366
1952
35577
1955
1957
1958
35582
24373
24374
1962
13170
1964
24376
35590
35592
13182
13184
24400
1987
1990
13199
1997
1998
13205
2000
35624
24415
2004
24421
2009
13218
24425
24427
13223
2017
2019
35643
35644
2022
35645
24439
2025
24440
35653
24445
35656
13241
35658
35659
13244
2037
2038
35665
13249
35667
2045
2047
24467
35676
13261
35678
2058
24474
24478
13272
13276
2069
2075
13284
24492
24495
35706
13290
24499
24500
35710
35711
2090
35715
2092
2095
2101
13309
24518
2107
13315
35733
35734
24523
2112
35736
2114
35739
24526
13327
13328
35745
2123
13332
13335
13336
2129
2130
35755
35758
2136
2139
13351
24564
24570
2156
13364
2158
35782
24573
24574
35786
2163
35787
35788
13370
35791
2168
35793
2170
24588
2173
35798
35799
13381
2177
24594
35802
13385
13390
24599
13395
24604
2189
2191
2192
24609
35817
24612
24614
2200
35825
24618
13408
2204
13413
24622
2207
35830
35836
24631
2216
13425
24634
2218
2221
24638
13431
24640
13432
35852
2229
13439
2233
24654
24659
2243
13454
24663
35872
13456
24668
2252
13460
2257
24675
35883
13467
13471
35888
24682
13474
24686
2271
24688
13482
2277
2278
2279
13487
13489
2285
13495
24709
2293
35920
13504
2299
2302
2304
24721
2305
35928
35931
35933
13512
13513
2312
2313
35937
13514
13524
2318
2320
13528
13530
24741
35949
2328
24745
35952
13545
24754
2339
24756
13551
35970
2351
13559
2353
24770
2354
13564
35981
13566
2362
24781
35989
24783
35991
13575
24788
24790
2375
2376
2379
13588
36007
24800
36008
13594
24803
2388
36013
13595
24807
2394
24812
2397
36020
13605
24816
24817
36026
13610
36028
24821
2405
24823
2407
36032
24826
2410
36034
24829
24832
13625
36044
13628
36046
2424
24843
24844
2427
36052
2431
36053
2433
13642
2438
36062
36063
36065
2443
2444
13654
24863
2447
13655
24866
2451
24868
24869
36076
36078
36079
13668
13670
13675
24884
36095
13680
2477
24898
2482
2483
13690
24902
24903
24904
2489
36110
2491
36115
13694
13702
24912
24913
24916
2501
24920
36128
13713
36131
24924
2513
24930
36139
24934
13726
13729
13731
2524
2525
2528
24946
36154
13738
13739
36158
13740
2537
36161
24955
36162
36165
13746
2543
2544
13748
2549
36173
24970
24971
24972
36180
13762
2559
2561
36185
2565
24983
13777
24987
13779
2574
36199
2576
13782
13787
24997
2581
24999
36205
36207
2586
25003
36212
25005
25006
36214
36215
36217
25012
36220
36224
25021
13813
2609
2610
13820
2614
36238
2616
36240
36241
2619
25039
25040
13833
25042
36250
13836
25045
36254
2632
36259
2637
36261
13845
13849
25058
13850
2644
25061
13851
25069
25070
36279
2657
2659
36283
13868
2662
36286
25080
2665
13869
25084
25085
2670
2671
2672
36296
25090
13878
13880
13891
25100
36309
2689
13897
2696
36321
2698
2699
36322
13907
13908
13910
2704
2708
13917
36335
2713
25130
2716
2719
2720
13929
13930
36348
36351
13936
36353
2730
2731
25148
36356
13940
13942
25158
36367
2745
2750
36377
25170
36379
36383
25176
2764
13972
36392
13978
13981
25191
13985
25194
2778
25196
2784
36409
36410
25204
2788
2790
2792
14001
2796
36421
25214
14007
36428
25221
14012
2809
36434
2812
36436
14022
36439
25232
2817
14023
36443
25237
36445
25239
36449
2830
14039
2834
25251
36459
36461
25255
2842
14053
14055
14058
2851
2852
2853
14064
14066
25277
2861
36487
25281
14074
36493
25287
14079
36498
36499
14083
36503
36506
36510
36511
25305
36514
2892
2893
36519
36520
25313
2897
36522
25320
2905
14115
2909
25326
36534
36535
36537
14117
14119
36540
14122
14125
2921
36548
25341
2925
14136
25345
25346
2929
36558
14145
25356
14149
2943
36570
25363
2951
2952
25370
36582
25380
25381
2964
14174
25384
25385
36592
25387
2972
36594
36598
25392
36601
2980
14189
2983
2987
25405
36615
25409
25412
14206
36623
14207
25417
3004
36630
36631
36634
25427
25428
36635
14221
25434
3018
36644
14231
25440
36650
25448
25450
36660
25463
3048
14256
25470
36681
25474
14268
3061
25479
14271
36689
36690
3069
25486
36693
25492
3080
25497
14289
3084
36712
36717
25510
36720
25518
25519
3106
3109
14319
25528
25529
14322
3115
36740
14324
14327
25537
3121
25540
3124
3127
14336
36753
14339
36756
3133
14341
14345
25554
3142
3143
36767
3145
14351
14354
25566
3151
36776
36780
25573
3157
14366
14367
36785
25579
36789
25582
3166
14374
14377
25588
25590
14382
25593
3178
3180
36805
25601
3186
14394
3188
25607
14399
36817
14403
14404
3198
25615
36823
3202
3203
36829
14413
3208
14418
3211
36837
14421
36841
14425
3220
25637
25638
36846
25640
14428
14430
25646
14438
14439
3235
3236
3237
14446
36864
25657
14450
25661
36870
14456
14460
14463
25675
36885
25678
3262
3264
36889
14474
14475
25686
3270
36895
14483
14484
14485
14486
3279
25698
14490
25700
3285
36908
25704
36913
14502
14503
25712
3296
25714
3297
25716
3300
14505
14506
14508
36934
3311
36938
3316
14529
36947
36950
36951
25744
25746
36954
36955
3333
36958
3335
3336
36960
36961
14538
14539
14541
3342
3344
25761
3348
14560
36980
36982
3359
25777
14569
36989
25782
14574
14579
3372
36996
25790
25792
37000
14586
14588
25797
37005
14591
25802
3393
14602
37019
14603
25813
25814
3398
25816
37022
37027
3404
14611
37033
37038
25831
37039
25833
3418
3421
37045
14629
37049
3427
14637
14640
37061
14646
25855
37063
37066
14650
37069
37073
25866
25869
3453
14665
3458
14667
25876
3460
3461
37085
25880
3464
14668
14673
3470
14680
3473
14681
37100
25894
3482
25899
37108
14692
3487
3490
37114
25908
37116
25910
3499
37124
3502
14712
37131
37138
3517
25936
25937
25938
25939
25940
14729
14734
3527
37152
25945
25946
25950
14742
3537
37162
3539
25956
3541
14747
25960
37174
3551
25968
37176
14760
14762
25973
3559
25979
37188
3565
14772
25983
3571
14781
25990
25991
3574
37199
14787
25996
37205
37206
3587
37214
3593
37218
3596
3598
3600
26022
26023
3607
37232
26027
3612
26029
37238
14827
14831
14834
3632
3633
14840
14844
37261
3639
3640
37265
3642
26059
37266
14852
3646
3647
3650
37275
26069
26070
26071
37278
3658
37282
26078
37287
14875
3670
3671
3673
3675
3676
3680
3681
26098
26100
37310
26104
14899
14903
3699
26118
26120
3707
26124
37333
3710
14917
14920
3713
3714
26133
26134
26135
37341
3721
26138
3723
14927
26141
14929
26145
3742
37367
14950
37370
37371
3748
14955
37376
3758
26175
3760
26177
3761
37383
37385
37387
14968
26183
3769
14977
26187
3771
14981
3775
3776
37399
14983
26196
37405
14989
3785
14995
26205
26210
15003
37420
3798
37426
26223
37433
15017
3812
37436
26230
15020
15025
37442
3820
3821
3822
37445
26240
26242
3826
37451
3830
15039
37458
26251
37460
26253
26254
15046
3840
15047
26261
26263
26264
3848
37473
15055
15056
15062
26271
15063
15065
26274
3859
37488
37489
3866
3867
26284
26285
15078
26287
26290
3874
3876
37500
15085
3881
26298
26299
37506
26301
15089
26303
37516
15101
3894
26313
15107
3900
26320
37528
26322
15115
37532
26325
37534
26327
15117
37537
3916
15125
15126
15129
26339
3923
37549
15132
3927
37551
37552
3932
15141
26357
26361
37572
37573
26367
15159
3953
3958
37583
26378
3963
15172
26381
3966
3967
26384
15176
15181
26390
15182
26392
26393
3977
37601
37606
26405
3991
37616
26409
4001
4009
15220
4015
4016
37643
37644
15227
4023
26440
37648
15231
26450
37660
4037
26454
4039
15244
15245
15253
26464
37672
37674
15263
4057
26483
4068
4069
15277
15278
4072
15281
26490
37700
15284
26494
4082
15291
4084
15293
15294
37711
4089
26506
15299
26508
15301
4094
15302
4099
26516
37725
15307
4103
37727
15308
4108
26526
4111
15320
15321
4114
26531
37741
15326
37745
4122
26539
15331
26541
4125
4126
26544
15334
4136
4138
4141
37766
15350
15355
26565
26567
4155
26572
15363
37784
37785
4162
4163
37786
26581
4166
26583
37788
37790
15374
15379
26592
37801
37802
26595
37804
15385
15388
4183
26608
4192
4197
37822
37824
4204
37829
37830
37831
37832
26627
37836
37837
4215
4216
15424
26634
37842
4221
4222
37845
15430
37851
4232
26649
37858
26652
26657
37866
15449
37868
26661
15453
4249
15457
15458
4252
4253
15460
37879
26672
37880
15461
4259
4261
26678
4262
4264
37885
15471
26684
26685
15476
37896
15481
26691
4276
15486
37904
4281
4282
26699
26700
26701
26702
4286
4288
26705
4289
37911
15492
26710
4295
26712
37919
15502
4299
26717
4301
37925
26720
26721
4304
37927
4308
37933
37934
15512
15519
26730
37939
37941
26734
15527
26736
26737
26739
4323
15531
4329
26749
26750
26751
15547
37967
37968
37971
15559
4354
37978
15567
4362
37989
26783
15575
15580
15581
15582
38000
15584
4378
15585
26797
15590
38009
38010
4389
15598
26809
4393
26811
4395
4396
15604
38023
4400
15615
4408
38033
15616
4411
26828
4412
4416
38040
38042
4420
38045
26838
26843
26844
4429
15640
38057
4434
38058
38059
26853
4437
4439
15643
4441
15651
4448
15657
4450
26868
38077
4454
4455
38080
15660
26874
26875
26876
26877
4458
26879
4463
38082
15667
15673
38092
15680
4477
38101
26895
38102
15686
26898
15690
15691
15692
4486
38110
38113
15697
26908
38116
15702
26911
26912
4500
38124
26919
4503
38129
4506
15712
26924
38133
4510
15713
26928
4517
15726
15727
26936
26937
38146
15732
4525
38150
38153
26947
15744
4537
38161
4539
4542
4543
4544
15750
26962
4549
38174
38178
26974
26975
4560
4561
15766
38187
15770
26981
38190
38191
4568
26985
38192
9
477
442
14
178
143
0
432
221
239
