5631
8236
19499
19500
19501
19510
19511
8250
19519
19523
19525
8264
8268
19536
8279
8281
8283
8285
19548
19553
8292
19555
19559
19561
19563
8305
8307
8311
8312
19577
8316
8319
8320
8321
8324
8329
19593
8334
8335
19596
19598
8338
19599
8340
19600
19603
8343
8344
19605
8346
19607
19608
19611
8350
19613
8352
19616
19617
8356
19623
8364
19631
8371
8374
8375
8376
8377
19638
8380
8382
8386
8389
8392
8399
19662
8401
8404
8405
8407
8414
8415
19679
8419
19682
8422
8424
8427
19692
8431
8432
19696
19700
8441
8443
19707
19708
8450
8458
8459
8461
19725
19726
19729
8472
8474
8475
19740
8484
19747
8487
19749
19752
8491
8492
8493
19754
8495
8498
8499
19762
8504
8510
8511
19772
8517
19781
8520
19783
8525
19789
8529
8532
8533
19796
19797
8541
8543
19808
8551
19816
8555
8556
8557
19817
19818
19821
8561
19822
19829
19834
19838
8577
8578
8580
19842
8586
19848
8588
19849
19850
19856
8596
19858
19859
19863
19864
8603
19865
19866
8607
8608
8609
19873
8612
8615
19877
19880
19881
8623
19886
8626
19891
19894
8634
19896
8636
8637
19898
8642
8646
19911
19912
8651
19914
19916
8656
19925
19931
19937
8677
8678
8681
8684
8686
8688
19950
8693
8694
8701
8703
8704
8705
8706
19968
8708
8710
8711
8712
19972
19977
19980
8722
19985
8726
8728
19991
8730
8732
8735
8736
19997
20000
8741
8742
20004
20007
20009
8749
20013
20015
8755
8756
8762
8764
20030
8773
20039
20041
8781
8784
20047
8786
20048
20050
8789
8790
8794
8795
8796
20056
20057
8799
20061
8801
20064
8805
20068
8810
20074
20077
8816
8823
8824
20087
8826
20089
20093
20096
20111
8853
8858
20123
8862
20128
8867
20130
8874
8875
8877
20140
8881
8884
20146
20157
8898
20160
8904
20167
20168
20173
20181
8921
20184
20186
20196
20200
20210
20211
20216
8957
8958
8959
20220
20224
20227
8966
20231
8973
20235
20241
8981
8982
20244
20248
20251
20255
8994
8995
20260
20263
20264
9003
20270
9010
20276
20284
9026
9030
20293
9033
20295
20297
9038
20301
9042
20305
9046
9048
9049
9050
9051
9052
20317
9057
20322
20323
20329
20335
20336
9075
9076
20337
20340
20343
9083
20345
9088
20351
9090
9093
9095
9097
9098
9101
20366
20373
9113
20376
9116
20378
9118
9119
20382
9125
9129
20392
9132
20394
20397
9138
9139
9141
9144
9146
9147
20409
9150
9151
20413
9153
9156
20421
20423
9162
20432
20433
20440
20443
9182
20449
20450
20453
20454
20460
9202
9204
20467
9207
9212
9216
20485
9225
20488
20490
9235
9236
20498
9238
20501
9241
20513
9258
20521
20526
20527
9266
9271
9273
20535
20540
20541
20542
9281
20545
9289
9290
20553
9294
20559
20560
20565
9305
9307
20569
20570
9311
9312
9315
9322
20585
9327
9329
9330
20592
9334
9338
9345
9350
9351
9352
20618
20624
9365
20630
20631
9370
20634
20635
9376
20640
9379
9383
9394
20659
9398
20662
9401
9404
20668
9413
20675
20676
20683
9426
9427
9428
9429
9430
9433
9436
20698
9439
9441
20704
20705
9445
20711
20712
9451
9454
9455
20716
9459
20723
9464
20727
20730
9469
9472
20735
9479
9481
20745
20747
20754
20759
9500
9507
20770
9510
20775
9514
9515
9516
20777
20779
20784
20789
20790
9529
9531
20796
20797
9538
9542
20807
9547
9550
9551
9555
20817
9564
20828
9567
20832
20834
20835
20836
20838
9579
9583
9584
9585
9587
20849
20857
20858
20863
9602
20864
9604
9608
20877
9621
9627
9632
9634
9635
9642
20906
20910
9650
9651
9654
9655
20916
20926
20927
9666
9667
20930
9669
20932
20937
20939
9684
20946
9688
20950
20955
20961
20962
20966
9717
9719
20982
9722
9731
20993
20995
9735
20997
9737
21000
9742
9746
9747
21015
9755
21018
9759
21024
21029
9769
9774
9776
21039
9779
9782
9783
9790
21052
9792
9793
21055
21060
21066
21067
9806
21068
21071
9811
9812
9813
21075
21076
21078
9817
21082
9822
9828
21095
21097
9840
21102
9842
21103
21107
21112
9851
9858
9862
9863
9865
21127
9867
21128
21132
9876
9877
21140
21142
21144
21146
21149
9890
9891
9893
9894
9896
9897
21158
9907
9908
9909
21169
21172
21173
21176
9915
21177
9919
9926
21189
21194
9934
21201
21202
21203
9942
21205
21210
21212
21213
21214
21215
21216
21219
9960
9961
21222
9964
9965
9966
21226
21231
21234
21237
9980
21242
21246
21248
21249
21252
9991
9994
9995
9996
9997
21256
21257
10000
10001
21263
21270
10011
10012
21273
21274
21282
21285
10024
21289
10031
10036
21301
21304
21310
10051
10054
10056
10061
10064
10066
21328
21331
10072
21335
21336
10077
10078
21345
21346
10088
10090
21352
21355
10096
10099
21365
10104
10105
10108
21371
10115
10117
10118
21381
21383
21384
10124
21388
10127
10129
21391
10132
21396
10137
10138
10141
21405
10144
10149
21413
21417
10156
21419
10161
10165
10168
10171
10172
21433
21434
10176
21438
21451
10198
21460
10200
21465
21471
21475
10215
10216
21484
21486
10228
21490
10232
10233
21496
10237
10238
10242
10247
10248
10249
21511
21513
10256
10258
10259
10260
21523
10262
10266
10270
21534
10276
10277
21538
21544
21546
21550
21554
10293
21555
10295
10296
10297
21556
10299
21560
21561
10302
10304
10308
21574
10313
21580
10319
21583
10324
21589
21590
21593
21594
10338
21601
21602
10347
10355
21618
10357
10364
10367
21629
21631
10373
10377
21639
10380
10381
21646
10387
21649
10389
21654
10398
10399
10405
10406
10407
21671
10411
21678
10418
10419
21683
21686
21688
21690
21692
21696
21699
21701
10440
21709
10448
21710
10451
10453
21716
21718
21722
10463
21726
10469
21738
10478
10480
21742
21757
21761
21763
10503
10505
10509
10513
10515
21781
10523
10524
10532
21794
21799
21802
10541
10542
21805
21807
10549
21811
21812
10553
21817
21820
21823
21824
21825
21828
21829
21834
10578
21840
10580
21842
10586
21848
21849
10589
10590
10595
21859
21860
10603
21866
10606
21869
21872
21874
10613
21878
10623
21887
21898
21900
10640
10647
21909
10652
21914
21921
21922
21925
10667
21929
10670
10672
10674
21938
21944
21951
10691
10692
10695
10696
21957
10698
10699
10700
21958
21962
21963
10704
21970
10711
21973
10713
21975
21977
10716
21984
10726
21989
21991
21994
10736
22001
10741
22004
22008
10747
10750
22013
10756
22018
22023
10766
22032
10780
22047
10788
22056
10796
10797
22060
22066
22068
22069
22072
22074
10813
10815
10816
10817
10818
22082
22084
22085
10824
22089
10835
22100
10839
10841
22105
10844
10845
22107
10849
22112
22116
22117
10856
22118
10858
22122
10861
22123
10864
22129
22131
22132
10871
22133
10873
10874
10875
10880
22142
22144
10885
10887
10890
10891
10892
10893
22153
10896
10897
22162
10903
22166
10905
22170
10914
10915
22180
10920
22182
22183
10924
22186
10926
22191
10930
22195
10940
22202
22206
22209
10952
10953
10957
22219
22221
22222
10961
22223
22225
10966
10971
22233
10973
22236
10978
10979
10980
22245
10984
22248
10987
22256
22261
11003
22266
11014
22276
11016
22281
11022
22284
11030
11031
22295
22296
22298
11040
22302
11042
22306
22311
22317
11057
11063
11064
22325
11066
22328
11072
22334
22335
11076
22339
11079
22342
11081
11084
22349
22356
11100
11107
22376
11115
11116
11120
22383
11124
11133
11140
11143
11144
11149
22411
11151
11152
22412
22414
11158
22422
11163
22427
22428
11167
22433
22434
11174
11177
22440
22441
11184
22446
22448
11187
22451
22453
22459
22460
11200
22465
22466
11205
11207
11210
11215
22478
11220
11235
11240
11241
22503
22504
22507
11247
11254
11255
22520
22522
3
11266
11267
22529
10
22534
12
14
22538
16
22540
18
19
22542
22544
22546
11287
26
27
11288
11289
32
11294
22556
35
36
22563
11302
22565
46
11308
48
22570
50
22572
52
22573
54
22574
22577
57
58
11323
22585
11325
22586
11327
22588
22589
22590
22591
11332
22592
11334
22596
22598
75
11338
22601
22606
11345
11351
22614
11353
93
22617
11357
22619
22621
11360
22625
105
22632
111
22639
11378
11379
22641
11381
120
22644
125
126
22649
22650
22655
133
135
11405
22668
22670
11410
152
155
156
158
159
11424
164
165
11426
22690
172
11434
11436
11437
11438
180
11444
186
187
11451
22713
11453
11455
22718
196
11458
22722
22725
22730
207
11469
11470
11472
11476
216
11479
11480
11483
223
22749
11490
230
233
234
235
11496
11498
238
239
11499
11501
11502
11508
250
22774
256
11521
22786
264
22788
22789
22792
269
11532
271
11533
22793
22796
275
11537
280
11544
284
11547
22808
22810
289
290
291
22815
22817
22819
11559
22822
11562
11563
302
303
304
305
11564
11568
22831
11571
11575
22837
11577
22841
22842
11581
11583
22845
22851
22852
330
22854
334
11597
11598
11599
11602
341
342
11604
346
22871
11610
11611
11612
11615
355
357
358
11619
360
11622
11623
363
11624
365
11626
22885
369
11631
11634
22899
22901
380
382
383
22906
11647
11648
22908
11650
11651
22909
22912
22913
22914
11657
396
11658
22920
399
22922
404
11666
11667
407
11669
22931
410
22933
11674
415
11677
11678
22945
11684
426
11688
432
11697
437
438
11703
22967
447
11717
11718
22979
11720
459
22981
463
11725
11729
470
473
11735
11736
22997
23001
23005
11752
495
11758
11759
498
23019
23022
11763
11777
23040
517
521
23047
524
23049
11788
23052
11793
23056
11797
23064
11803
23067
544
11807
23069
11809
548
23073
11812
23075
11815
23081
560
564
565
11828
11829
568
11831
23091
11833
23094
573
578
23104
11843
11844
583
23105
585
23106
11850
590
594
595
23120
23123
11867
23130
11873
613
23138
615
23143
23147
628
23152
630
632
11894
11895
23157
23158
23159
11901
23165
23169
23170
11909
11915
23178
11919
23184
661
11923
23189
666
667
668
23191
11932
23194
23196
11935
11936
677
678
23202
680
11943
682
11945
23203
23206
686
688
23213
694
697
698
23222
11962
23228
705
23230
23231
23233
11973
23237
23239
11978
717
11979
719
11985
11987
11989
11990
11993
23256
734
11996
736
11998
23259
23262
741
23268
23269
12008
12011
12012
751
12013
12015
23276
12017
756
758
23284
761
12030
769
23293
23296
773
12040
779
780
23302
12044
783
23310
12050
12051
791
12055
23320
23325
802
804
12066
12067
23328
23332
23333
810
23335
812
12080
23343
821
23345
23347
12086
830
831
12095
12098
837
23360
12101
12102
23363
23365
843
12106
23366
12109
23371
23374
851
12113
12115
855
856
12117
23380
859
860
12122
866
23392
23394
23395
12135
12137
12138
23400
12140
12141
12142
23403
883
23409
12148
23411
12151
23413
12153
892
23416
23420
901
12164
904
905
12167
12169
23431
12173
917
12180
12181
12182
23445
12184
23448
12189
930
23455
935
939
23466
23470
947
12210
23473
951
12213
12214
957
23481
959
23483
961
12226
23489
23490
12231
970
972
12234
974
12237
976
977
23497
12241
23500
12245
12246
23507
987
23511
991
992
12253
23523
1000
12264
12266
23531
1009
23535
12274
1013
1014
1015
12279
23541
1019
12281
23545
1023
12285
12289
1028
12291
23555
12294
1033
12296
1035
1037
12301
12302
1041
1042
1046
12310
23578
12319
12321
23585
1066
23590
1070
1071
1072
1073
1074
12334
1076
12339
12340
23594
23597
23602
23606
12346
1085
12347
12358
12359
23621
12361
23622
23628
12369
23632
12373
12375
23638
1116
1120
12382
23649
12389
12390
1130
1133
1135
23663
1140
12402
12403
12404
1144
12407
1146
1147
12409
12411
23665
23667
23673
12415
1154
12416
12422
1164
12428
12432
23696
12435
23702
12441
1181
1183
12447
23710
12452
23714
23716
1196
23720
1198
23723
23725
1202
1206
12469
12472
23737
23738
12477
12479
23744
1221
23745
23746
1225
12488
1227
12489
1229
23751
23752
1234
12497
1238
23765
1242
12505
23767
1246
12510
1249
23772
23773
12514
23775
12516
12518
12519
12521
12522
23786
1264
12526
12528
23789
23794
1271
12533
1273
12535
23801
12540
12543
12546
23809
23812
23817
12556
12559
23824
12563
1303
23828
1305
1307
23832
1310
12575
1314
12576
23838
23839
23840
12581
23841
1321
23846
23847
12590
1329
23853
12593
12594
12595
1335
12597
12600
23864
1344
23869
23870
1348
12610
1350
23872
23876
12615
23879
12618
23887
12627
1367
12631
1371
12633
12634
1382
12645
1384
23909
1386
12649
12650
23910
23912
1391
23915
12655
23917
23918
23921
23923
12662
1402
12664
23927
23928
1407
1409
23934
12673
1414
1415
23939
1417
1418
12680
23944
23945
23946
1423
1425
23953
12694
12697
1439
1448
23972
1450
23973
1455
23980
12720
23983
1461
1465
23989
1472
12739
24001
12744
12746
1485
24009
1487
24010
12751
24013
24014
1493
12755
24018
1497
1500
12765
24028
24031
1509
1511
24040
1518
12781
24043
24044
1523
12786
24048
1526
1527
24051
12793
24057
1536
12798
12799
12800
1540
24061
24063
12805
24064
1545
24072
1551
24078
24083
12822
12824
24088
1565
12828
1568
24092
12832
12836
12838
24101
24102
12842
1581
12845
24108
1589
24114
12853
12854
24115
24116
24118
1596
12858
1598
24119
24121
12863
1602
12865
1604
24129
12868
1614
12876
1616
1617
24138
12881
24141
24147
1625
1626
1628
24152
12892
24155
12897
1638
12900
1641
24165
1643
24167
1649
12913
12914
1653
1659
12921
12922
1662
12924
12925
12927
24186
12929
24190
1670
1672
12935
12938
24201
12940
12941
24205
1682
12946
12947
12948
12952
12953
12955
1694
1695
12958
12959
24218
24219
24222
1704
12968
1707
1712
12975
24238
12979
1721
12986
1725
24253
1731
1732
12994
12996
12997
24257
24264
1742
1746
24270
1749
1750
13016
13018
1757
1758
13020
13021
13023
1764
13026
13028
13030
1769
13031
13034
24296
24299
1776
13046
1785
13047
13048
13049
24308
24309
24314
24317
1794
13060
1799
13061
1801
24325
24326
24327
24328
1806
13069
24330
1811
13073
13076
24338
13078
1817
1819
1821
13083
1823
13084
24350
1827
24351
13091
13093
13100
1839
24362
13103
13104
24366
1846
1848
13114
1853
1854
13115
13118
13119
1858
13120
13121
13122
24376
24381
24382
24383
1866
1867
24387
1869
24392
24395
13134
13136
13138
1882
13146
1886
13151
1890
24415
13154
24416
1899
1900
1901
13163
1903
13166
1905
24424
13169
13171
13172
24435
1912
13177
24439
1917
1918
13179
13185
24449
1929
13191
13193
1932
24459
1936
1937
24460
13201
1942
24467
24468
13212
13213
1952
24476
1957
24481
1959
13223
24485
24487
1964
1965
13226
1967
13232
13233
13234
24494
24497
1975
13238
24501
13240
1979
13242
24506
24507
13249
1989
13254
1993
1998
24523
24524
2001
24526
24527
13267
13275
24537
2015
24539
13279
24541
2019
24543
2023
24550
2029
2030
13293
2032
24556
24558
2035
2036
2037
13298
13299
2042
13305
2044
13306
2051
13313
2053
2054
2055
24580
2056
13317
24583
13319
2061
24586
13324
24589
24590
13329
13334
13336
13337
24600
24605
24606
2084
2085
2086
24613
2089
24615
2090
2092
13355
13357
2096
24621
2097
13361
2100
24625
24628
24633
13373
13374
13376
2117
2118
24644
24645
2121
2122
24648
2123
24654
2130
24656
2132
2133
24659
2134
13400
2139
13402
13405
13407
2147
13410
24674
24675
2150
24677
2153
2155
13413
24681
13418
24684
2160
13423
24688
2165
13426
2167
2168
13431
24696
24697
2173
2175
13440
13444
24707
2183
2184
2185
13449
13451
24716
24717
24718
24721
13459
2199
24732
2210
24736
13475
13476
2216
2217
2220
24745
24747
24748
2224
13486
13487
2228
13488
13490
24759
13498
24761
24770
24771
2246
24776
13518
24785
2263
2267
24792
2269
13530
24795
24799
13539
2281
24806
24807
2283
2284
13547
13548
13550
24813
24814
13551
13555
24820
13559
13561
24826
2302
13564
2305
13569
24833
13571
13575
24840
24843
13583
13584
24847
13586
24850
13589
13591
13593
2333
13596
24859
24860
13600
13602
24865
24867
2343
2344
24873
2353
24878
13618
2357
24883
24886
2368
2371
2372
13634
24899
2377
2378
13640
24904
2380
2381
24907
2383
2385
13647
2390
13653
24916
2392
2393
2394
2396
2399
13661
13665
2405
24931
2408
13669
13673
2412
24937
13674
13675
13676
2418
24943
24944
2420
2421
2422
2424
2425
24953
2430
2434
2437
2438
2439
13699
13703
24968
13706
2446
2448
2450
24975
2451
24977
24978
13714
13716
13717
24982
24986
24987
2464
13728
2467
24993
13733
13734
13735
25000
2476
13742
2482
13745
13746
13748
25011
2489
13752
2492
25021
2498
25023
2499
25025
2501
2506
25032
13770
2510
13774
25040
25041
2516
25043
2517
25045
2519
2521
2523
2524
25054
2535
2536
13797
13798
13800
25064
2540
13802
25068
25073
2550
25075
13812
13813
2555
25085
13824
25088
13826
2568
25093
13832
2576
25102
2579
13840
13843
2583
25108
2585
25112
2590
25115
13854
2594
2595
25120
25121
2599
25125
2602
25129
13868
25132
2610
2611
2612
25138
2618
13880
25145
2621
25148
13891
13892
2635
2636
13900
25163
13901
2641
13909
2648
2649
25174
13913
25178
25179
2655
2656
13919
25183
2659
25185
13920
13924
13926
2666
25193
13932
13934
13935
2675
25201
13940
2681
2682
13943
2685
2687
2688
13949
13950
25216
2692
13957
13960
13962
2702
25230
13969
25232
2709
2710
13972
13974
13976
13977
2717
2722
13984
13985
2725
25250
13986
25252
13987
13988
13989
2733
25263
25264
2740
25266
14005
2744
2745
25270
14008
25272
14011
2750
14012
2752
14015
2755
25280
14017
14019
14022
14024
25287
25288
25290
25291
2767
2769
2770
2771
14032
25298
2774
2776
14036
14039
2781
25309
25310
14050
25313
2791
2793
25320
25324
25326
14064
14067
25330
14069
25333
25334
14074
2813
14076
25340
2816
14080
14086
14088
25353
25354
25359
2836
14097
25362
2839
2840
2841
2843
14106
25372
2848
14111
2851
25376
14119
14120
2863
25392
2869
25394
2871
14133
14135
2877
25402
14139
2880
14145
25409
25410
2889
14155
25419
2895
14157
25422
14158
2900
25425
14160
14162
2904
2905
14164
25431
14172
25435
25437
2914
25441
14185
25449
14187
2928
14191
2930
25458
2934
2935
14197
14199
14203
25466
14204
14206
25471
14214
2954
2958
2960
14223
14225
14229
2970
14233
25497
14236
25500
2979
25504
25508
25509
2986
14246
14247
14252
14254
25517
2995
14259
25525
14265
25528
25531
3011
14274
14275
14277
3016
3017
25542
3018
14282
14285
25549
3026
14289
3028
25553
25555
25556
25557
3034
3038
3039
25566
3042
3043
25569
14305
14306
14310
3050
14312
14315
14319
25582
25583
3061
25586
14323
3065
14329
14332
25596
14334
25598
3075
25600
14337
25602
14339
25607
3083
3087
3091
3092
14353
3095
14357
25621
3098
3100
14363
25626
3102
14364
14366
3106
25631
14371
14372
14373
3112
3113
3116
25641
3117
14379
14380
3121
25646
14382
3124
25650
3126
25653
3130
14391
14392
14394
14397
25660
14398
14400
25663
25668
14406
14409
3148
25673
3149
3151
3154
25679
3157
25682
25683
3160
3161
25686
3163
14422
25689
25694
14433
3172
25697
3174
3175
14439
25704
14442
14443
25710
25711
3187
14450
14452
14454
3193
14456
25723
14461
3205
3206
25732
3208
3213
25738
3214
25740
25741
3218
3219
14484
25747
25749
25752
25753
14492
3231
14494
25757
3235
3238
25763
3240
25766
3244
25770
3247
14510
25773
14512
25776
3254
14516
25781
14519
25784
14524
14526
25790
25791
14528
3270
14533
3272
14534
14538
3278
14540
25804
3280
25811
3288
14549
14552
14553
3292
3294
14558
3298
14560
14561
14566
14567
3306
25833
14574
14576
14577
25840
25842
14583
3322
14585
3327
14592
25855
25858
3335
25862
14603
14605
25871
14610
25873
3349
25875
3352
25877
3353
3355
3356
14617
25882
25886
3362
25888
25889
14630
3369
25894
14631
3374
14641
14643
25906
14645
3384
25911
14653
25917
3394
3395
14658
25922
25924
14662
25926
25929
14668
25934
25935
14673
25937
14674
14679
14680
14685
14688
14689
3431
14693
25957
3434
14696
3436
25961
3440
14702
3443
14706
14709
3449
3450
14713
25976
3454
14717
3456
3459
14721
14723
25986
25991
3468
14729
25994
3472
25997
25998
3474
26000
26001
3477
26003
26005
26006
14745
3484
14747
26010
3486
14754
3494
14756
14757
26023
14763
3503
14765
14766
14768
26031
14770
14776
26039
26041
3518
14782
3521
26046
3524
3525
14787
3527
26052
3531
14793
14794
14795
3535
14796
14798
26065
26066
14805
14810
14820
3562
14826
3568
26095
14838
3580
3581
14844
26108
26109
14846
14849
14851
26114
14852
3592
26117
14853
26127
3603
14866
26132
14873
14874
3614
3618
26145
14887
3627
3629
26155
26156
14893
3635
14897
26161
3638
26163
14900
3641
3642
14901
26168
14902
3646
14907
14909
14911
14917
14919
3660
26187
3663
3664
26190
14925
3671
26198
3675
26200
3676
26204
26207
3684
26210
14948
14949
26213
14952
26215
3691
3696
14960
26226
14964
14965
3707
3708
26233
26234
26235
14969
14971
14974
26239
14976
14978
26246
3725
26251
14990
3731
3732
14995
3734
26259
14999
15001
15003
26268
3745
26270
26272
3748
15010
3751
15011
15014
15015
3756
15019
3758
15026
3767
15033
3774
26299
3775
3777
15040
15044
3783
15048
26311
15051
3791
26318
3794
15060
15061
3800
3801
3802
15062
26330
3807
15068
3809
26334
3811
26336
15070
26338
26339
26340
3816
15075
26345
3822
3823
26348
26350
3826
3830
26356
3834
15097
26361
3838
3841
26368
26371
15109
15113
26376
15116
3855
26381
3858
15121
3860
3861
15122
3864
3865
3866
26392
26393
15132
15133
26398
15137
15141
26404
26406
3883
26408
26409
3885
15147
26413
26415
15153
3893
26418
3895
15154
26421
15155
15158
26424
15160
15161
3905
15169
3909
15171
15176
26442
15181
15182
26446
15184
15186
3926
26451
15191
26454
26456
26457
15195
15196
26461
3937
3939
15201
15204
3943
26468
3944
26470
3945
26472
15206
26474
15208
15210
26477
15216
3955
26480
26481
26484
15224
26496
3972
3976
15239
26503
26506
3982
3983
15249
26513
3989
26516
3995
15259
3998
26526
4003
4006
4008
26534
15272
26540
26545
15284
4023
15287
4026
15288
4029
4030
15296
4037
4038
4039
15301
15306
4046
15310
4049
26574
4054
4056
4057
4058
4060
26586
4064
26589
26590
15329
4070
4071
4072
4075
26600
15337
4078
4080
26605
15345
26608
4085
26610
15346
26612
15347
4090
4094
26619
26620
26621
26622
26624
26625
4105
4107
15369
26638
26639
4118
15380
15383
4122
4124
4126
15391
26657
26658
4134
4135
4137
4139
26666
4143
15404
4145
4146
26672
26673
4148
15412
4155
26682
26683
4158
4161
4165
26690
4166
4170
15432
15435
4175
26700
26701
4178
15437
26706
4186
15448
26712
15453
26716
26717
4194
26719
15456
4197
4198
26723
15457
15462
4202
15467
26730
4206
4207
4209
26734
4213
15476
4217
15482
4223
26748
4227
26753
26757
15496
15498
15500
4239
15507
26771
4247
4248
26774
4251
26776
4252
4253
4255
4256
26781
26782
15509
26784
26785
15517
26787
15521
15525
26790
4266
26792
15532
26796
15535
15537
4276
15538
4280
4284
15546
26810
15551
15552
26815
4291
15553
26818
4295
4296
4297
26822
15556
26824
4300
4302
4303
15557
26832
26838
15577
4318
4319
15580
26846
26848
15587
26850
4328
4329
15594
26857
4334
26859
15597
26861
26863
4340
26865
4343
15606
26869
4345
15609
4351
26876
4352
4355
15621
15622
26885
26887
15627
26893
15636
4375
4377
26902
4378
4382
15648
26911
4388
4389
26914
26915
4392
15653
15655
26920
26922
15660
4400
15661
15665
26931
4409
26934
26935
26936
4410
26938
4411
26940
4412
4413
4416
26944
15673
15681
4425
4427
26954
4432
26957
26958
15695
4436
15697
15698
4439
4442
26967
26968
4448
15712
15713
4453
15716
26979
4455
4464
26989
15726
26992
4468
26994
4469
4471
4472
15730
15733
15735
27001
27002
4479
27004
4481
15738
27007
4484
15744
27010
15747
4488
27014
15753
4493
15755
15757
15758
27021
27022
27023
15759
15763
15768
4507
27033
4511
15774
27037
27038
15776
4516
27041
15779
15782
4526
15789
15790
4531
15797
15802
27066
4542
15805
27070
15808
27072
4550
15812
27077
27081
4558
27083
4560
15821
27087
15827
27091
27095
15835
27099
15838
27104
15843
27106
4583
15846
27109
15849
27112
15851
15854
27119
4596
27121
27122
4597
4599
15857
4604
15867
27134
15874
4616
15878
15879
15880
27144
4622
15884
27148
27149
4626
15889
4629
15893
15894
27159
27160
4636
4637
4639
4640
15898
15903
27167
4644
15904
4646
4647
15906
27173
4649
15913
4653
15916
27179
4657
4659
15924
4666
15933
4672
15937
27201
27202
15943
4682
15946
4686
15949
4689
4690
15952
4692
27217
27218
15957
4696
15958
15961
15963
15964
15966
4707
15970
4711
4713
27238
4714
27240
27241
27242
27243
4715
27245
4718
15985
4724
27249
15988
4729
4733
15997
4736
15998
16000
27263
27265
27267
16005
4748
4749
4751
4752
27277
16014
27279
27281
27283
16021
16022
27286
27287
27288
16025
16030
16031
27295
4772
4773
4774
27299
4776
16038
4779
27304
27307
4783
4785
4786
16046
27312
27313
4790
16049
27316
4794
27319
16058
16060
27323
27324
4801
27331
27335
27336
4812
4821
4822
27348
16088
4827
4828
16089
16091
16092
4832
27357
27358
16093
16096
16100
16101
27364
16102
16106
27370
16108
27373
27374
4851
27376
4852
4853
16116
4856
27381
16117
4859
16121
16123
27386
16125
4865
4870
4871
4873
16137
4876
4877
4878
16141
4881
16144
4886
27411
4887
27415
27417
4893
4894
27420
4895
4897
4898
4900
27425
16155
16164
27428
16166
16167
16170
27434
4913
16176
27439
4917
27442
16179
4921
4922
27447
16186
27450
27451
27452
4927
4928
16190
4932
16193
4934
27461
4938
27464
16202
16206
4946
16212
4952
4953
16218
16219
27485
4962
27489
27490
4967
16228
16231
16233
16234
27498
27499
4975
27501
16239
16241
27505
4982
27508
16247
16248
27511
27512
4987
16249
4991
27518
27520
4996
16259
4999
5004
5006
16269
27533
27535
5011
5016
27541
5017
27543
5019
27545
5020
16279
5024
16285
5027
27555
16294
27562
16301
16304
27567
16306
5047
5051
27577
27579
27583
5060
5066
27592
27594
16333
27598
5075
16336
27602
27604
27605
5082
27609
16348
5087
27613
5090
27616
16355
5095
16363
16364
27629
27630
16368
5117
27642
27648
16387
16388
5124
16392
27655
16395
27659
16399
27661
5137
16402
16403
5140
27667
16407
27672
16411
5148
27675
16414
27679
16418
27680
27681
5156
16425
16426
5165
27694
16435
16436
16437
27699
27700
27701
5173
5178
16443
5181
16446
16449
5188
5189
16453
16456
5194
27721
16460
27722
5199
16466
16467
5204
27731
27732
27733
5206
27735
16474
27737
5207
27739
16479
5217
16481
27744
16484
5222
16486
27748
5224
16490
5229
5230
16495
27758
16501
27763
16503
27766
5241
5243
5248
16514
5254
16517
27779
16519
16520
27782
27784
5261
27789
5269
27795
5271
27797
16536
27799
5275
5278
27803
16544
5284
16549
27812
16551
16552
5290
27817
5296
5297
27822
5299
16562
5305
16577
5320
27845
27846
16585
27847
27852
16592
16595
16596
27860
27861
16600
27870
27871
27872
16611
16612
16613
27873
27875
16616
16617
5351
5355
5358
5360
27885
16624
5362
16628
27890
27891
27892
27893
5369
5380
27907
5383
5384
5386
16649
5389
5393
5396
16661
27925
27927
16667
16668
16669
27933
5410
5411
16676
27938
5418
5419
27944
27946
5422
5427
27952
5428
5430
5431
27956
16695
27958
27959
16699
5437
16701
5440
5441
27967
16708
27971
16710
27972
5447
27976
16717
16718
27982
27983
5458
27986
27988
27990
16730
5468
28000
16741
28005
5481
28008
28010
28011
16750
5486
5489
16753
28016
16757
16758
28020
16760
28022
28024
16763
28025
5496
5502
5506
5507
5508
16772
16773
28037
28038
16777
16778
16779
28039
28042
28043
16783
16784
5513
16786
16787
28050
16789
5517
5518
16793
5532
5533
16796
5534
5536
5538
28063
16803
28065
16805
16806
16807
5543
28071
28072
5545
28075
5551
16815
5553
28079
28081
28083
28087
28088
16827
5565
16829
5566
16838
5577
16841
16854
5592
28118
16861
16864
16865
5602
5607
28134
28136
16875
28137
5613
16880
16881
16883
28147
28148
28150
5626
5627
5628
16893
28157
5636
16900
5644
16907
16910
16911
16912
28175
5648
16916
5655
28180
28181
16920
5656
5660
5661
28188
5665
28192
5669
5670
16938
16940
5678
16942
28204
5682
28208
16947
16948
5685
5686
16951
28213
28214
16954
28215
28218
5687
28220
5691
5698
28223
5700
28227
5704
16967
5705
5707
16970
28237
16976
5713
28240
5717
5720
28248
16987
28249
5724
5726
5727
5729
16996
28259
5735
17007
5745
5746
5749
5751
5754
5757
5760
17023
17026
5766
5767
17033
17035
17038
17044
17046
17047
17048
5784
5787
5788
17052
17056
5796
5799
17062
5800
17070
17079
5817
5819
17084
5822
17086
5825
17089
17092
5831
17094
5834
17100
17103
17104
5843
5846
17110
5848
17112
5849
5858
17124
5863
17126
17136
17144
17145
17153
5891
17165
17166
5905
17169
5909
5911
17176
5916
17182
17187
5926
17189
5928
5930
17194
5936
17200
5938
5939
5941
5943
5944
17209
17210
5955
17218
5958
17223
17225
17227
5966
5968
17233
17235
17236
5975
17239
17240
5977
5979
17243
17244
5983
5988
5991
5992
17255
17259
5998
17263
6004
17267
6008
6016
17283
6022
6033
6034
17298
6036
6040
6045
6048
17321
17322
6060
6071
17334
6072
6073
6075
17338
6077
6082
6083
6091
6095
6096
17361
6102
17368
6106
6107
6112
17381
17390
6133
17400
6139
17402
6142
17405
17406
6143
6144
6145
17410
17411
6149
17415
6153
6163
17426
6168
17431
6169
17434
17435
17437
6175
6186
17454
17455
17468
17472
6211
17474
17478
17479
6221
17485
6223
6225
6229
17492
6230
6231
17495
17496
6232
17498
6236
6239
6244
6246
6247
6250
17513
6252
6253
17517
17519
6259
6260
6266
6268
6270
6271
17534
17535
17536
6273
17541
17544
6284
6285
6286
6288
17552
6291
17555
17561
6300
17564
6306
17575
17576
17581
6320
17583
6321
6323
6326
6328
6329
6330
17596
6335
17610
6348
17620
6359
17622
17624
17625
6362
6364
6367
17635
6375
17640
6381
17644
6391
17662
17665
17669
17671
6412
17677
6417
17680
6419
17686
17687
6425
6427
17690
17694
6435
6436
6438
6439
6440
17707
17708
6445
17713
17715
17716
6453
17720
17723
6462
17728
17729
6470
6472
17737
6475
6483
17748
17749
17753
17754
17763
6509
17772
6515
17782
6521
6523
6524
6525
17788
6529
17795
17800
17801
6541
6544
17809
6551
17815
17818
6557
6558
17821
6565
17829
17833
17834
17836
17842
17844
17848
6586
6591
6595
17860
6601
6603
6611
6613
17876
6616
17887
6628
6629
6630
17894
17895
6638
17903
6643
17916
17918
17925
6665
6666
17929
6667
17931
6676
6679
17944
17945
17946
6682
17950
6688
17952
6689
17954
6692
6694
6697
17964
6702
6711
6713
17984
17985
6722
6725
17991
17993
6734
6738
6740
6741
18005
18006
6745
6746
6749
6752
18018
18020
6759
18024
6764
18028
18031
18035
18038
6777
6778
18041
18047
6790
18057
6795
6799
6800
18063
6801
6808
6810
6811
6815
6816
6818
18082
18085
6823
6827
6830
6831
6837
18102
18104
18110
18111
6851
18116
6856
6859
6860
18123
6866
18133
18134
6872
18143
18144
6883
6884
18148
18149
18150
6886
6889
18168
6906
18170
6909
18172
6913
6914
18177
18178
6919
18182
18184
18189
18190
18194
18195
18196
18199
6942
18205
18206
18207
6943
6950
18213
18216
6955
18219
6961
18224
18230
6969
18232
6971
6972
6979
6981
6982
18246
18248
18250
18253
6993
18257
18258
18259
18262
18264
7002
7008
18273
18275
18279
18280
18281
7018
18283
7020
7024
18296
7034
18298
18300
7040
18303
7042
7044
18319
7059
18322
7063
18334
18336
7076
7078
7079
18342
7081
7083
18350
7090
18353
18359
18360
7099
7102
7103
18368
7106
7110
18375
18376
7115
7118
18383
18387
7127
18397
18404
18405
18406
18409
18415
18416
18417
18418
7153
18420
18421
7163
7165
7167
18430
7169
18434
18438
18439
18440
7178
7181
18446
7194
18457
18458
7195
18461
18462
7199
7200
7201
7202
18473
18476
7214
18479
18482
7227
7232
18500
18502
18503
7240
18508
18510
7256
7258
7260
18524
7267
18530
18531
7269
7271
7275
7287
7297
7300
18563
18570
18571
7310
7311
18575
7315
18578
18580
7320
7321
7322
7323
7324
18587
7326
18591
7333
7335
7336
7338
7346
7347
7349
18614
18615
7360
18624
18627
18636
7374
18640
18643
18644
7385
7386
18651
18655
7393
18658
7397
18664
7403
18667
18668
7409
7411
7412
7422
18685
7424
7426
18692
18693
7433
7434
18697
18703
18708
18711
7451
7452
18719
18721
18722
7462
18727
7467
18732
7475
18742
18743
7481
7482
18747
7487
7488
18754
18760
7502
18766
18771
18773
18775
18777
7517
7520
18783
18784
7521
7524
18790
7530
7532
7533
18796
18797
18802
18805
7544
7548
18820
18822
7561
18824
18825
7562
18827
7565
18833
7575
7576
18843
7585
7593
7594
7596
18860
7603
7607
18870
18871
7608
18875
7615
18884
7623
7625
18894
7633
7635
18899
18900
7639
18902
18909
18910
7652
18916
7656
18920
18927
18930
18932
7670
18937
18944
7682
18946
7685
7687
18952
18956
7694
7696
18960
7701
18964
18965
18968
18969
7706
7707
18973
7717
7718
18981
18982
7722
7723
7726
19002
19004
7742
7744
7747
7751
7752
7756
7757
19023
7765
19029
19030
7767
7779
19042
19043
19045
19054
7796
19059
7797
19061
7798
19074
7814
19081
7821
7822
19088
7829
7832
7833
19097
7837
19102
7843
7845
19116
7857
7864
7870
7871
7874
19137
19138
7875
7880
7883
19148
19152
7891
19154
7892
19156
7893
7894
7896
7898
7899
19162
19163
7901
19165
19168
7907
19170
7912
19175
7914
7915
19178
19181
7923
19187
19191
19192
19197
7939
19204
7945
19210
7948
7954
7958
19225
7965
19232
19233
7970
19235
19236
19237
19239
7979
19245
19247
7985
19250
19252
7993
19256
19257
19258
7995
19260
19266
8008
19271
19272
19273
8011
19276
19278
19279
8016
8018
8020
19284
8025
19288
19289
19291
8029
8031
19301
19302
8040
8050
8054
19317
8055
8060
19323
8066
8067
19332
8071
19335
19338
8076
19341
19343
19347
19350
19353
19354
8091
8095
8098
19369
19373
8112
19380
19381
19388
19390
19391
8132
8133
19396
8135
8136
8138
19402
19406
8150
19417
19418
8156
8162
8163
8165
19429
8171
19436
19437
8174
19439
8180
19444
8184
8185
19449
19450
19454
8198
8200
19464
8205
19469
19471
8215
19477
19478
19481
8225
8226
8227
8228
19487
19492
8231
8232
8234
19496
11
193
457
197
0
264
225
203
119
383
102
14
