190
407
28
1167
785
1922
1541
20
1156
1154
1152
1530
769
385
5
760
2
381
0
1516
755
1513
1133
1512
746
1887
365
1124
1884
1122
1119
1498
354
1874
1492
352
1484
1481
338
336
1097
1856
1093
712
331
1090
1469
707
1466
705
1458
1075
1835
1834
1453
1830
1828
304
1825
303
1823
1814
671
1807
285
661
1801
1040
658
1790
650
269
1027
1406
1405
640
2160
639
1395
1392
1770
2150
2148
1767
246
1385
2143
2141
2136
233
1373
232
227
609
608
2128
1365
2126
2125
1361
217
1735
2112
970
588
1727
1344
583
201
1719
2099
2096
575
571
190
187
186
1707
185
1703
2084
2083
942
1321
558
2075
1314
1311
1689
2067
546
165
164
917
1296
154
2046
146
1286
1283
1280
2038
1652
512
1269
125
1645
1264
501
1640
1255
874
868
486
865
2003
2001
1239
478
1237
96
853
472
1989
1608
464
845
1224
83
82
1980
1978
1212
1589
1967
1204
1963
1581
51
1571
430
809
41
802
801
420
1559
1936
35
414
409
11
43
85
59
101
31
75
8
159
46
134
111
