606
437
440
441
443
445
452
454
455
463
466
467
468
475
477
481
483
486
487
488
496
502
503
504
506
507
508
512
515
517
520
521
526
527
528
531
535
537
539
542
548
550
551
564
566
568
570
575
578
582
584
588
590
593
598
600
603
604
605
606
609
612
615
617
621
622
623
624
625
630
633
634
638
639
642
647
652
653
654
658
659
665
666
667
668
670
674
676
677
678
679
682
684
689
694
696
698
700
702
703
705
708
715
718
722
723
724
725
727
733
734
738
742
745
752
753
754
757
758
763
764
765
766
777
778
780
785
787
791
792
796
801
802
803
805
807
808
809
812
818
819
820
824
825
832
834
842
843
844
845
847
848
849
851
852
856
857
859
864
866
869
872
873
876
879
880
882
883
885
886
888
889
891
893
897
898
902
907
909
910
913
915
917
923
925
927
932
936
938
939
946
952
953
958
961
962
963
966
968
972
973
977
978
980
981
982
983
984
988
989
992
994
996
997
1001
1004
1006
1008
1009
1011
1020
1021
1026
1027
1033
1035
1036
1040
1043
1046
1047
1049
1050
1052
1054
1067
1070
1071
1074
1076
1077
1078
1079
1080
1083
1088
1089
1090
1091
1094
1098
1101
1102
1103
1104
1109
1110
1111
1113
1130
1131
1137
1141
1142
1143
1144
1149
1152
1153
1154
1156
1159
1162
1167
1168
1169
1170
1180
1181
1182
1183
1184
1188
1189
1194
1195
1196
1197
1199
1203
1204
1206
1209
0
2
3
4
1216
1217
1219
8
10
11
12
1225
14
1228
17
18
1230
20
1233
22
23
1234
1239
28
1242
1243
34
1248
38
39
1250
1251
43
1255
46
1259
1260
1262
1264
1267
56
57
1269
59
61
1273
1275
65
67
68
69
1279
71
1280
73
1283
1284
79
1291
1294
1296
1297
86
88
91
93
1305
95
1306
1310
100
1312
102
1313
1315
105
1316
107
1317
1318
1320
111
1322
1323
1326
115
1327
1330
119
120
1332
1334
123
125
1338
1340
1342
132
133
134
1344
1345
1346
1349
1350
140
141
1353
1354
1357
1360
149
150
1361
1362
1365
154
155
1366
157
158
159
1371
161
1373
1378
167
1379
169
170
171
1380
173
1381
1389
178
1390
1393
1396
185
1398
1400
189
1401
191
192
1402
1403
195
1404
1406
198
1408
1409
1410
1412
203
1413
205
1415
207
1418
1420
1423
1424
213
1426
215
1427
1429
218
1430
1431
221
223
224
225
226
1436
1437
229
1438
1439
232
233
234
1441
236
1442
238
1443
1444
241
242
243
1446
1447
1451
1453
1454
1456
1457
251
1460
253
254
1461
1463
1465
1468
259
260
1469
1470
1474
1475
265
1478
1480
1484
273
1485
275
276
277
1487
279
1489
1491
282
283
1494
285
1497
287
1501
1502
292
1506
296
298
1510
1512
302
303
305
1518
307
1521
1524
1525
315
317
1531
320
321
1532
1535
324
326
1539
328
1542
332
1545
1547
1548
337
338
341
342
345
348
1562
351
1564
1566
1567
356
1571
1573
1576
365
1579
369
370
371
372
1583
374
1585
1586
378
379
380
1591
1593
384
387
1599
1600
390
392
394
400
401
402
403
404
407
408
411
418
428
104
283
77
288
295
296
88
300
301
92
95
305
97
98
308
99
102
311
103
313
109
115
324
325
327
124
125
334
126
129
132
341
342
138
350
354
146
356
148
358
150
361
153
364
365
158
162
374
375
167
378
173
174
176
182
186
187
188
189
191
192
199
202
203
0
1
3
4
211
212
7
8
9
213
215
219
16
19
20
21
228
26
30
240
241
36
244
246
248
42
252
47
255
257
53
265
266
63
273
68
70
279
71
72
73
