156
608
296
1544
1231
1542
1227
600
1219
282
1527
2150
2149
586
1199
1509
1820
565
248
1183
1182
1806
243
555
1178
2110
1485
1484
547
1479
857
1167
543
1477
537
536
534
1468
842
215
524
1145
520
831
1454
829
826
825
513
2070
1131
817
1750
501
1124
1746
1431
1119
806
1737
179
178
801
487
799
1733
1414
2037
1412
475
2025
774
460
1708
1395
1394
144
1703
141
760
449
1384
756
1382
1069
132
1377
1065
1688
744
431
428
732
1046
1045
108
107
729
1353
1974
1661
722
1653
1340
402
710
87
708
1645
1954
1331
393
81
1016
389
1315
1002
1625
375
681
1616
366
988
676
985
984
356
979
352
2222
34
1282
1275
2214
341
340
1589
339
1587
962
2209
24
334
957
20
14
1258
12
947
634
1254
318
623
1868
1553
1237
301
1
38
