516
1354
321
2383
318
1346
311
1342
309
2372
307
2361
297
2360
293
291
2354
2349
1316
1314
281
2344
1309
2338
275
1306
271
2334
2333
267
1297
265
2328
2319
252
1282
1276
243
1274
1273
239
237
1266
1257
1248
211
1240
1237
1235
2266
2265
2263
1231
2259
194
191
2252
1220
1216
184
2247
2246
2244
2237
1206
1204
172
2234
2233
167
2224
2223
161
2221
1190
158
1189
1188
2217
1184
1182
147
2207
1176
143
2205
2204
1171
1170
1165
133
1163
2193
2190
128
1159
126
2188
1155
2178
2176
112
2172
2170
1139
108
107
2168
2165
1135
103
1133
101
99
2160
95
94
92
2155
2154
2152
88
2151
2149
84
2146
80
2140
76
75
2135
73
1103
71
1102
69
2131
1097
65
2126
63
2125
1092
60
2120
55
2116
52
2114
50
1080
1079
46
45
2103
1071
1067
35
2095
2093
29
2086
23
2083
21
1052
19
2081
16
15
14
1045
10
2073
1040
5
1036
1033
2060
1028
1027
1024
2054
1020
1016
1015
2045
2044
2039
1006
2034
1002
2031
999
2029
2028
2026
992
988
2018
986
2015
980
976
969
1997
1996
1994
963
962
961
960
959
952
950
949
947
946
1973
1971
934
930
922
921
1952
1950
917
912
1941
1939
905
1935
1928
896
1926
1923
889
884
1915
1914
1908
877
876
875
873
871
868
866
864
862
1892
859
856
1886
1885
1884
1876
843
841
1863
1859
827
823
1840
798
1828
791
1821
1819
787
1817
785
782
1801
768
763
1794
760
1788
1779
1778
744
1772
740
739
738
1768
1765
732
1761
729
1760
724
722
1752
720
1751
1745
708
1738
705
1736
1735
699
1729
696
689
1717
686
685
684
1715
1712
1710
1708
1699
664
1694
1688
656
1687
1685
653
1680
1677
1676
642
640
637
1667
633
1660
616
2677
1645
612
2673
610
1641
1639
607
606
2669
1636
2664
1632
600
1631
2662
2661
595
2658
1619
583
2642
576
2639
2638
2636
2634
2632
564
2626
1593
559
558
2621
2611
1579
548
547
2610
544
542
1573
1563
1562
2593
528
1559
1557
2588
2583
2580
2578
1549
2571
516
2570
1544
1543
512
1542
510
1541
508
2569
506
1537
503
2563
1529
497
2559
494
1520
2549
2548
484
1515
2545
1513
480
2541
1510
477
2533
1503
1502
1501
1497
465
455
2518
2517
452
1481
448
2510
445
2507
1472
437
435
433
432
2493
1461
2489
2488
425
424
2485
421
1448
417
416
413
2474
410
409
2472
2470
405
2462
400
1431
2460
2459
396
2458
2457
2453
1422
391
1421
389
388
1418
1416
1415
2446
381
2444
1411
2437
1407
1406
1405
2436
2433
1401
368
1399
2426
2425
364
2423
362
1393
2418
359
2417
357
2416
1387
1385
353
2414
1382
350
2413
1379
344
342
2401
1370
1369
1367
335
334
2397
2396
2391
1359
1358
326
6
71
21
33
55
78
28
