193
84
81
850
847
458
71
69
67
65
63
832
59
830
829
825
53
819
817
45
816
814
42
41
424
37
35
806
419
798
24
794
22
791
17
786
15
14
398
12
395
779
778
776
388
0
769
767
764
376
370
756
368
365
750
748
361
359
745
358
742
737
350
349
732
730
727
725
720
333
715
326
325
1098
1097
318
1089
701
700
313
696
309
305
1075
300
683
1068
681
677
1062
1059
666
1051
664
1049
661
658
1040
266
262
260
642
1023
1021
245
631
630
240
1011
238
236
234
1005
615
228
227
995
225
224
221
608
607
989
601
984
598
209
593
977
590
589
202
973
972
585
198
968
582
193
191
579
190
577
189
575
959
570
952
941
940
551
933
931
542
926
540
923
920
917
914
913
532
145
144
912
528
527
526
138
519
518
516
128
899
123
893
885
883
111
882
107
877
876
486
485
484
98
482
868
481
479
863
474
860
3
47
35
67
