226
1282
1286
1293
843
1296
1298
1302
1303
1319
887
889
890
896
444
446
447
1355
903
908
1361
459
461
1366
465
919
470
923
472
23
478
479
481
936
937
484
489
490
1398
499
952
1406
1407
957
958
508
1413
510
964
965
515
63
970
972
521
523
525
73
1429
1430
977
532
81
984
988
538
991
540
541
993
548
550
551
98
1002
1005
1459
1011
560
561
1465
1012
564
114
115
1019
118
571
1024
1025
1026
572
1028
577
119
1022
1023
1034
1035
583
132
1038
586
590
140
1045
593
594
598
147
1503
149
602
1057
1058
153
1065
1067
1071
619
1523
1074
1075
1076
1524
626
1526
628
1530
1083
634
1539
1089
1090
1091
1092
638
641
1095
1096
1097
643
187
188
1102
650
1104
1109
1111
1112
1565
1114
1115
1568
1117
1118
1119
674
1127
676
1129
1131
1132
230
234
1139
1594
238
241
1598
1149
1150
249
702
1156
252
254
1159
709
1162
1163
1167
266
723
1176
273
1178
726
730
1183
1185
1189
1192
288
1194
1195
289
293
294
1201
749
300
1205
753
306
1215
1221
770
1223
775
1228
1229
779
1232
1236
1237
1239
1242
1246
794
1249
1254
1259
355
1262
1268
1269
383
0
1
2
3
4
5
6
7
8
9
10
11
12
13
14
15
16
17
18
19
20
21
22
23
24
25
26
27
28
29
30
31
32
33
34
35
36
37
38
39
40
41
42
43
44
45
46
47
48
49
50
51
52
53
54
55
56
57
58
59
60
61
62
63
64
65
66
67
68
69
70
71
72
73
74
75
76
77
78
79
80
81
82
83
84
85
86
87
88
89
90
91
92
93
94
95
96
97
98
99
100
101
102
103
104
105
106
107
108
109
110
111
112
113
114
115
116
117
118
119
120
121
122
123
124
125
126
127
128
129
130
131
132
133
134
135
136
137
138
139
140
141
142
143
144
145
146
147
148
149
150
151
152
153
154
155
156
157
158
159
160
161
162
163
164
165
166
167
168
169
170
171
172
173
174
175
176
177
178
179
180
181
182
183
184
185
186
187
188
189
190
191
192
193
194
195
196
197
198
199
200
201
202
203
204
205
206
207
208
209
210
211
212
213
214
215
216
217
218
219
220
221
222
223
224
225
226
227
228
229
230
231
232
233
234
235
236
237
238
239
240
241
242
243
244
245
246
247
248
249
250
251
252
253
254
255
256
257
258
259
260
261
262
263
264
265
266
267
268
269
270
271
272
273
274
275
276
277
278
279
280
281
282
283
284
285
286
287
288
289
290
291
292
293
294
295
296
297
298
299
300
301
302
303
304
305
306
307
308
309
310
311
312
313
314
315
316
317
318
319
320
321
322
323
324
325
326
327
328
329
330
331
332
333
334
335
336
337
338
339
340
341
342
343
344
345
346
347
348
349
350
351
352
353
354
355
356
357
358
359
360
361
362
363
364
365
366
367
368
369
370
371
372
373
374
375
376
377
378
379
380
381
382
