183
2493
669
1775
312
1416
1785
322
1058
2523
2158
2525
696
1064
1065
1430
1434
1801
705
706
707
1440
344
1077
2174
1079
1446
349
2551
2187
1090
1823
2553
1459
1826
1094
2193
365
2195
2196
2198
2557
371
1838
1472
1840
1108
740
1477
16
1846
2580
1848
21
753
1123
2222
27
1491
2592
1862
2596
402
403
2233
407
2238
2240
779
2614
419
2253
791
792
427
1160
1893
1524
433
72
807
76
1553
90
1187
2288
1923
1926
1561
1196
1197
468
1203
2301
1572
108
110
111
474
2312
849
1215
1949
2318
1953
858
2323
2325
861
129
1963
866
869
2334
1604
2337
873
1971
1238
1611
2345
1247
1983
1625
894
1261
164
166
899
1632
173
1276
180
915
1648
2391
1295
200
2400
936
1671
2038
2409
946
2050
1325
2058
1693
237
1702
973
2076
246
1349
989
1357
2457
1362
630
2463
634
2466
1003
1371
1372
1006
642
277
1742
2109
280
2110
2112
646
2475
2477
1384
1745
654
1747
1014
2121
1023
293
161
0
1
2
3
4
5
6
7
8
9
10
11
12
13
14
15
16
17
18
19
20
21
22
23
24
25
26
27
28
29
30
31
32
33
34
35
36
37
38
39
40
41
42
43
44
45
46
47
48
49
50
51
52
53
54
55
56
57
58
59
60
61
62
63
64
65
66
67
68
69
70
71
72
73
74
75
76
77
78
79
80
81
82
83
84
85
86
87
88
89
90
91
92
93
94
95
96
97
98
99
100
101
102
103
104
105
106
107
108
109
110
111
112
113
114
115
116
117
118
119
120
121
122
123
124
125
126
127
128
129
130
131
132
133
134
135
136
137
138
139
140
141
142
143
144
145
146
147
148
149
150
151
152
153
154
155
156
157
158
159
160
