625
8258
4505
3251
3250
5747
3248
8247
8244
6992
741
8240
8237
4486
8235
3232
5727
6973
4472
8222
1970
6960
8206
6955
704
6949
4448
8197
6945
4444
3192
8188
688
1935
5685
4431
5679
3179
5674
672
5672
4420
6919
5667
8166
6915
5664
663
5660
5659
8157
1907
3156
6903
8151
6900
6895
5645
3144
8140
3140
639
8132
1881
4385
1880
5633
632
4381
6880
8125
4378
6875
4376
623
5623
4373
4372
1870
617
3116
8112
1862
6859
5612
5611
3110
5609
607
8106
1851
6853
3102
599
3100
5599
6848
6846
596
1842
592
3091
589
4339
4337
3085
8083
6833
6832
581
1830
3079
5577
8075
6821
8070
8067
1815
5563
558
1805
6805
5554
3049
8047
3046
1794
540
3037
3036
535
6783
5533
530
6778
4278
1777
1771
5522
6771
5518
511
5511
6760
6756
507
5506
2998
7999
6751
500
7996
498
6746
496
6745
2991
491
490
5489
4238
486
2983
7982
4230
6727
2975
5474
471
469
6718
4216
462
5460
6708
2954
7951
4201
2949
5446
4192
1691
438
4186
433
6682
2926
5419
2917
1666
7913
1661
7908
1658
1656
6653
1651
1650
5399
5394
2892
392
6637
5385
7880
2877
377
376
6625
6623
1619
1617
6615
5364
1613
2861
1611
6608
2857
2855
7855
6599
2845
345
4094
7843
1592
6590
6589
4083
334
6582
5332
4081
7829
6577
322
5322
5321
6567
314
1559
7796
297
1546
2794
294
2792
2791
291
6540
6538
4035
7785
284
7776
6524
1522
2768
6518
5267
4015
7763
7760
5257
4006
2747
5249
6498
2742
7744
7742
5244
6493
6492
5241
1490
7739
2736
3985
7732
5230
1478
7723
5226
225
5224
5223
1472
1470
7716
215
1461
5211
205
2702
1453
7702
1450
1449
199
2697
6442
191
3939
3930
1430
6428
1427
2675
174
6423
2671
2668
6417
7665
164
3913
3911
3909
7659
5159
7658
7657
6406
1405
2644
147
1396
6395
7644
6393
3889
138
3886
6381
131
2629
3876
2626
2624
5121
1370
5115
114
3863
5111
5110
5106
1355
2604
7602
5098
7593
93
90
3839
5086
5084
1334
2581
1331
3830
2579
2578
6326
3822
7570
6317
59
57
6306
5047
7549
7548
1297
7546
1295
6294
43
3792
39
2538
6287
3785
2532
2531
2530
6275
3774
5023
7521
6269
5017
2517
6265
5011
2512
6262
3759
7510
7509
2507
3756
7503
1254
1251
6252
1
7500
3748
6248
2496
7496
7495
2492
6238
3736
1235
7482
6231
6230
2479
1228
1223
3720
7470
1220
1219
3713
6214
2463
1212
6209
3706
4955
6201
2449
2445
4942
2440
6190
6188
6187
7436
7434
6183
7429
1174
3671
2421
6171
1170
3668
6165
3662
2412
6161
2409
4905
7406
6156
3654
7404
2398
7397
4892
4882
1132
6128
7375
6123
7373
7369
4867
4866
7356
4850
6098
4847
2347
7346
1095
7344
2340
1090
4838
4831
1080
2329
2326
4823
1073
3562
1060
6057
4808
2307
7305
6053
7297
2296
1044
3543
2286
1033
4779
6026
3524
2274
2271
4763
1003
6004
3503
5999
4749
998
5996
4746
3493
4742
5989
7236
983
4730
2229
978
5977
7216
962
5962
2208
2206
3455
4703
951
4699
7198
945
2195
5943
3439
2185
7183
5931
3423
2173
7171
920
918
5915
5912
2162
911
4660
7157
905
2153
4645
3393
3390
7136
4636
884
2134
4630
878
5875
7123
2120
2119
868
866
4615
3365
3363
4612
3361
2110
5851
7097
3348
7091
3346
2095
5844
5843
841
4591
7086
836
2081
4580
824
4574
7066
817
2068
4566
3316
4559
5807
2054
7049
796
795
5791
8286
785
2033
4533
2027
7022
8278
7021
773
4525
5774
5772
8272
3271
4518
4517
7012
2010
413
412
411
410
409
408
407
406
405
404
403
402
401
400
399
398
397
396
395
394
393
392
391
390
389
388
387
386
385
384
383
382
381
380
379
378
377
376
375
374
373
372
371
370
369
368
367
366
365
364
363
362
361
360
359
358
357
356
355
354
353
352
351
350
349
348
347
346
345
344
343
342
341
340
339
338
337
336
335
334
333
332
331
330
329
328
327
326
325
324
323
322
321
320
319
318
317
316
315
314
313
312
311
310
309
308
307
306
305
304
303
302
301
300
299
298
297
296
295
294
293
292
291
290
289
288
287
286
285
284
283
282
281
280
279
278
277
276
275
274
273
272
271
270
269
268
267
266
265
264
263
262
261
260
259
258
257
256
255
254
253
252
251
250
249
248
247
246
245
244
243
242
241
240
239
238
237
236
235
234
233
232
231
230
229
228
227
226
225
224
223
222
221
220
219
218
217
216
215
214
213
212
211
210
209
208
207
206
205
204
203
202
201
200
199
198
197
196
195
194
193
192
191
190
189
188
187
186
185
184
183
182
181
180
179
178
177
176
175
174
173
172
171
170
169
168
167
166
165
164
163
162
161
160
159
158
157
156
155
154
153
152
151
150
149
148
147
146
145
144
143
142
141
140
139
138
137
136
135
134
133
132
131
130
129
128
127
126
125
124
123
122
121
120
119
118
117
116
115
114
113
112
111
110
109
108
107
106
105
104
103
102
101
100
99
98
97
96
95
94
93
92
91
90
89
88
87
86
85
84
83
82
81
80
79
78
77
76
75
74
73
72
71
70
69
68
67
66
65
64
63
62
61
60
59
58
57
56
55
54
53
52
51
50
49
48
47
46
45
44
43
42
41
40
39
38
37
36
35
34
33
32
31
30
29
28
27
26
25
24
23
22
21
20
19
18
17
16
15
14
13
12
11
10
9
8
7
6
5
4
3
2
1
0
