131
1961
394
1708
402
927
1455
148
1721
154
157
424
2000
2002
170
959
175
963
2012
1489
2013
708
971
186
1756
1500
1501
458
459
461
462
2037
731
1261
479
222
747
1796
749
2060
227
228
1801
1272
1541
1279
1806
758
1548
1810
247
1297
1559
1039
256
1304
782
1046
1311
530
1318
2104
1844
19
544
1855
288
813
28
1864
297
1084
1869
1348
301
1612
1089
1352
306
570
1621
50
1885
315
1104
844
849
589
590
329
851
332
71
333
596
1120
861
1121
77
1124
865
1127
1128
1911
1913
2177
612
1139
1665
882
623
1933
1934
1674
628
630
1940
109
371
635
895
1157
1681
1945
116
1949
1169
122
385
125
1699
914
168
166
167
0
1
2
3
4
5
6
7
8
9
10
11
12
13
14
15
16
17
18
19
20
21
22
23
24
25
26
27
28
29
30
31
32
33
34
35
36
37
38
39
40
41
42
43
44
45
46
47
48
49
50
51
52
53
54
55
56
57
58
59
60
61
62
63
64
65
66
67
68
69
70
71
72
73
74
75
76
77
78
79
80
81
82
83
84
85
86
87
88
89
90
91
92
93
94
95
96
97
98
99
100
101
102
103
104
105
106
107
108
109
110
111
112
113
114
115
116
117
118
119
120
121
122
123
124
125
126
127
128
129
130
131
132
133
134
135
136
137
138
139
140
141
142
143
144
145
146
147
148
149
150
151
152
153
154
155
156
157
158
159
160
161
162
163
164
165
