657
1889
569
567
563
562
561
560
557
556
554
552
550
548
547
546
545
544
543
542
541
539
538
537
536
535
534
532
531
530
527
526
523
522
520
519
518
515
514
507
506
505
504
502
1813
499
498
496
1808
1802
489
488
487
485
484
483
482
480
478
476
1787
474
473
472
470
466
465
463
461
460
459
458
455
1767
453
447
446
444
442
441
440
439
438
437
435
1748
433
432
431
430
427
421
418
416
414
413
410
408
407
406
405
404
403
402
397
395
394
393
392
390
389
387
386
385
383
382
381
379
378
376
375
1683
371
370
369
1681
367
365
364
359
358
357
356
355
354
353
352
350
349
1661
346
345
342
341
340
339
337
1650
330
327
325
319
310
306
292
291
1603
286
284
1592
279
278
277
276
275
274
272
270
269
267
266
264
262
260
258
257
256
255
253
252
251
248
247
1558
245
244
243
242
241
1554
238
237
236
234
231
229
1539
224
222
2680
220
219
218
217
216
215
214
213
212
211
2679
209
208
207
206
205
204
203
202
201
200
2678
2677
197
196
2676
194
193
1506
191
190
189
2675
187
2674
185
184
183
182
2673
180
1483
178
177
176
175
174
173
172
171
170
1482
168
167
166
165
2670
163
2669
161
160
159
158
2668
2666
155
154
2665
2664
151
2663
149
2662
147
146
145
144
143
2661
141
2659
2658
2657
137
2656
135
134
2653
132
131
2651
129
128
2650
126
125
2648
123
2647
121
120
2646
118
117
116
2645
2644
113
112
111
2643
109
108
107
106
105
104
2642
102
101
100
2641
98
97
2640
95
2639
93
92
91
90
89
88
2638
86
2637
84
2636
82
81
80
2635
78
2634
76
75
2633
2632
72
2631
70
69
68
67
66
65
64
63
62
61
60
2629
58
57
2628
55
54
1360
52
51
50
1357
48
47
46
45
44
43
2627
41
2626
2624
2623
37
2622
35
34
33
32
31
30
29
28
27
26
25
24
23
22
21
20
19
18
17
16
15
14
2621
1325
1321
10
9
8
1319
1318
5
4
2620
2
2619
0
2617
2616
2615
2614
1309
2613
1307
2612
2611
2610
2609
2608
1301
2607
2606
2605
2604
2603
2602
2601
2600
2599
1291
2598
2596
2595
2594
2593
2592
1284
1283
2591
2590
2589
2588
2587
2586
2585
2584
2583
2581
1272
2580
2579
2578
2577
2576
2575
1265
2574
2573
2572
2571
1260
2570
1258
2569
2568
2567
2566
2564
2563
2562
2561
2559
2558
2557
2556
2555
2554
2553
2552
2550
2549
2548
2546
2545
2544
2543
2542
2541
2540
1231
1230
2539
2538
1227
2536
1225
2535
2534
2532
2531
2530
2529
2528
2527
2526
2525
2524
2523
2522
2521
2520
2519
1208
2518
1206
2517
1204
2515
2514
2513
2512
2511
2510
2509
2508
2507
2506
1193
1192
2505
2504
2503
2502
2501
2500
2499
2498
2496
2495
1181
2494
2493
2492
2491
2490
2489
2488
2487
2486
2485
2484
2483
2482
2481
2480
2479
2477
2475
2474
2473
2472
2471
2470
2469
2468
2467
1153
2465
2464
2463
2462
2461
2460
2459
2458
2457
2456
2455
2454
2453
2452
2450
1135
1130
2431
2428
1108
2411
1072
2384
2374
1041
2350
2331
2325
2322
2318
2305
2303
2299
2278
2273
956
2259
939
932
2222
897
2200
879
849
832
2142
812
809
2118
799
2101
2091
769
757
743
2045
722
2033
2021
2017
688
1983
1978
666
665
664
1949
635
630
1942
1934
1933
618
616
1929
1921
607
90
81
80
79
78
77
76
75
74
73
72
71
70
69
68
67
66
65
64
63
62
61
60
59
58
57
56
55
54
53
52
51
50
49
48
47
46
45
44
43
42
41
40
39
38
37
36
35
34
33
32
31
30
29
28
27
26
25
24
23
22
21
20
19
18
17
16
15
14
13
12
11
10
9
8
7
6
5
4
3
2
1
0
89
88
87
86
85
84
83
82
