88
259
263
2199
1674
2203
2208
1684
2214
634
1339
637
639
2224
1345
1173
646
1174
1350
1179
1357
654
657
130
2244
2250
315
142
1198
676
1381
150
1911
328
154
1388
157
1038
686
1214
1041
163
1044
164
342
1398
169
345
347
173
526
2110
176
2
1240
10
1420
1245
1070
1423
2127
18
1251
1428
1077
560
209
2145
564
2149
1094
39
1095
2151
1102
2159
1105
1987
1284
1286
584
1293
590
593
420
599
72
1656
606
134
124
125
126
127
128
129
130
131
132
133
0
1
2
3
4
5
6
7
8
9
10
11
12
13
14
15
16
17
18
19
20
21
22
23
24
25
26
27
28
29
30
31
32
33
34
35
36
37
38
39
40
41
42
43
44
45
46
47
48
49
50
51
52
53
54
55
56
57
58
59
60
61
62
63
64
65
66
67
68
69
70
71
72
73
74
75
76
77
78
79
80
81
82
83
84
85
86
87
88
89
90
91
92
93
94
95
96
97
98
99
100
101
102
103
104
105
106
107
108
109
110
111
112
113
114
115
116
117
118
119
120
121
122
123
