1320
7278
7279
7280
7281
7282
7283
7284
7285
7286
7287
7288
7289
7290
7291
7293
7294
7297
7298
7299
7300
7301
7302
7303
7304
7305
7306
7307
7308
7309
7310
7311
7312
7313
2018
2019
7316
7317
7318
7319
7320
7321
7322
2039
7324
7326
7327
7328
7329
7330
7331
7334
7335
7337
7338
7339
7341
2062
7342
7344
7345
7346
7347
7348
7350
7351
7352
7353
4714
7354
7355
7356
7357
7358
7359
7361
7364
7365
7367
7368
7369
7371
7372
7375
7376
7378
7379
7380
7381
7382
7384
7385
7386
7387
7388
7389
7390
7391
7392
7393
7394
7395
7396
7398
7399
7400
7401
7402
7403
7404
7405
7406
7407
7408
7410
7411
7413
7414
7415
7416
7417
7418
7419
7422
7424
7425
7426
7427
7428
7429
7430
7431
7432
7433
7434
7435
7436
7437
7438
7439
7441
7443
7444
7445
7448
7449
7450
7451
7452
7453
7454
7456
7457
7458
7459
7460
7462
7463
7464
7465
7466
7467
7469
7470
7471
7472
7473
7474
7475
7476
7477
7479
7480
7481
7482
7483
7484
7486
7487
7488
7489
7490
7492
7493
7494
7496
7497
7498
7499
7500
7501
7502
7504
7505
7506
7508
7509
7510
7511
7512
7513
7517
7518
7519
7520
7522
7523
7524
7526
7527
7528
7529
7530
7532
7534
7535
7536
7537
7539
7540
7541
7542
7543
7544
7546
7548
7549
7550
7551
7553
7554
7555
7557
7558
7559
7560
7561
7563
7568
7569
7571
7572
7573
7574
7576
7577
7578
7579
7580
7581
7582
7583
7585
7586
7588
7589
7590
7591
7592
7593
7595
7596
7597
7598
7599
7601
7602
7603
7604
7605
7606
7608
7610
7612
7613
7614
7616
7617
7618
7619
7620
7621
7622
7623
7624
7625
7627
7629
7630
7633
7634
7635
7636
7640
7641
7642
7643
7645
7647
7648
7649
7650
7651
7653
7654
7655
7656
7657
7658
7661
7663
7664
7665
7666
7667
7668
7669
7670
7671
7672
7673
7674
7675
7676
7677
7678
7679
7681
7682
7683
7684
7685
7686
7687
7689
7690
7691
7692
7694
7695
7700
7701
7702
7703
7705
7706
7707
7708
7710
7711
7712
7713
7714
7715
7716
7718
7719
7720
7722
7724
7728
7729
7730
7731
7734
7735
7736
7737
7738
7739
7740
7742
7743
7744
7745
7746
7747
7748
7750
7751
7752
7753
7754
7755
7758
7759
7760
7761
7762
7763
7764
7765
7766
7767
7768
7769
7771
7772
7774
7779
7780
7781
7782
7784
7785
7786
7790
7791
7793
7795
7796
7797
7798
7799
7801
7802
7804
7805
7806
7809
7811
7815
7816
7817
7818
7819
7820
7822
7823
7825
7827
7828
7829
7830
7832
7833
7834
7835
7836
7837
7838
7839
7840
2561
7841
7842
7843
7844
7845
7847
7848
5209
7850
7851
7852
5213
7853
7854
7855
7856
7857
7858
7859
7860
7862
7863
7864
7866
7867
7868
7869
7870
7872
7874
7875
7877
7878
7880
7881
7885
7886
7888
7889
7890
7891
7892
7894
7895
7896
7897
7898
7900
7901
7902
7903
7904
7905
7906
7907
7908
7909
7910
7911
7912
7913
7914
7917
7918
7922
2643
7924
6
7927
8
7928
10
7929
12
13
7930
7934
16
17
18
7936
20
21
7937
7938
24
7940
7941
27
28
29
7944
31
7947
33
34
7950
36
37
38
39
40
41
42
7951
7955
7957
7958
7960
48
7963
7965
7966
7968
7971
54
7972
7973
7974
7975
59
61
62
64
7984
66
67
7985
69
70
71
72
73
7986
75
7987
77
7988
7990
80
81
82
83
7992
85
7993
7995
88
89
7996
7997
92
93
2732
7998
7999
8001
8002
8003
8004
8005
8006
103
104
105
106
8008
8011
8012
110
8014
112
8016
8017
8019
116
8025
8026
8027
120
8028
8029
123
124
125
126
8030
8031
129
8032
8033
8034
8035
134
135
136
8036
8040
8041
140
141
8042
143
144
145
8044
147
148
149
8046
151
152
8047
154
155
156
157
158
159
160
161
162
8049
164
8050
166
8051
168
8052
8053
171
8054
173
174
8055
8056
8057
8059
179
8060
181
182
8061
8062
185
8063
8064
8065
8066
8067
191
192
8068
8070
8071
8072
8073
8074
8075
200
8076
202
8077
8078
8080
8081
8082
5488
209
8083
8087
8088
8089
8090
215
216
8093
8094
219
8096
221
222
223
224
8097
8098
8100
228
229
230
8103
8104
8110
8111
8116
8117
8119
238
8121
8122
8124
242
8127
244
8128
246
247
8129
8131
8132
251
8133
8134
8136
255
8138
8141
8142
259
260
8144
8145
263
264
265
2903
267
268
269
270
271
272
273
274
8195
8196
8197
276
8199
278
8201
8202
8203
8204
8205
8206
8207
8208
8209
8210
8211
8212
279
281
283
8216
8217
284
8219
286
8221
287
8223
288
8225
8226
8227
289
292
294
295
8232
296
8234
297
299
301
302
8239
303
304
306
308
8244
8245
312
8247
313
8249
314
8251
315
8253
316
317
318
319
320
8259
321
322
323
325
8264
8265
327
8267
329
330
8270
8271
8272
331
332
8275
334
8277
336
346
8146
8281
8282
8283
8284
363
8286
367
8288
8289
8290
3006
8292
373
8294
8147
8149
377
378
8299
8300
8301
8150
8303
8304
8153
8306
8307
8308
8309
387
8311
8155
8157
8314
8315
8159
8160
8318
399
400
8162
8163
8164
404
8166
8167
8168
408
409
8169
8170
8176
8177
8178
8179
8181
8182
418
8183
8184
421
8186
423
8187
8189
427
433
437
448
451
452
456
460
464
466
484
485
487
490
493
496
498
500
501
504
506
508
510
516
517
519
524
526
528
529
531
533
534
535
538
539
540
541
542
543
544
545
546
547
548
549
552
553
554
556
557
558
559
560
561
562
564
565
569
571
572
574
575
576
577
582
585
587
588
589
590
592
593
595
599
600
604
605
606
607
608
611
612
613
614
616
617
618
619
621
622
624
625
630
631
632
634
636
637
639
640
644
647
649
651
653
654
659
660
662
663
664
666
667
668
5949
686
698
719
3359
721
723
745
748
751
764
770
773
774
788
794
805
823
831
844
855
862
889
895
899
902
908
914
918
921
926
942
949
953
958
970
972
980
984
3625
986
3630
992
995
1001
3644
1011
1015
3659
1020
3660
3665
3669
3672
1034
1037
1038
1039
3678
3679
1042
3683
1044
1045
3684
3686
3690
1053
1057
3697
1060
1062
1063
1064
3703
3704
1067
1068
1070
1073
1075
1079
1080
1082
1085
1086
1087
1089
1093
1094
1095
1097
3737
1099
1101
3741
1103
1106
1107
1108
1109
3746
1111
3750
1114
1115
1116
3755
3756
1119
3760
3767
1128
1130
3771
3772
1133
1134
1136
1138
1141
3782
1144
1145
3786
1147
1148
1153
1155
3798
3802
1163
3803
1166
1169
1171
1172
1174
3814
1176
3816
1181
1182
1186
1188
3828
1191
1197
1199
1200
1203
1204
1205
3845
1208
3850
1212
1213
3853
1219
3860
1221
1224
1226
3868
1232
1233
1234
1235
1236
1237
1238
3875
3876
3882
3884
1245
1249
3889
3891
1252
3893
1254
3894
1257
3903
1265
1267
3909
1271
1272
1274
3919
1280
1281
3920
1283
1285
1288
1289
1291
3931
3933
3934
1295
3936
1297
3937
1302
1309
3952
1313
3958
1319
1320
1325
1326
3967
1329
1330
1331
1333
3975
1337
1338
1339
1341
1343
1344
1345
3983
1347
1348
1349
3984
3985
3989
3999
4015
4023
4051
4055
4076
4095
4103
4111
4112
4122
4130
4132
4146
1811
1824
1885
1890
1891
1968
1969
7254
7255
7256
7257
7258
7259
7260
7261
7266
7267
7268
7269
7270
7271
7272
7274
7275
7276
7277
180
0
1
2
3
4
5
6
7
8
9
10
11
12
13
14
15
16
17
18
19
20
21
22
23
24
25
26
27
28
29
30
31
32
33
34
35
36
37
38
39
40
41
42
43
44
45
46
47
48
49
50
51
52
53
54
55
56
57
58
59
60
61
62
63
64
65
66
67
68
69
70
71
72
73
74
75
76
77
78
79
80
81
82
83
84
85
86
87
88
89
90
91
92
93
94
95
96
97
98
99
100
101
102
103
104
105
106
107
108
109
110
111
112
113
114
115
116
117
118
119
120
121
122
123
124
125
126
127
128
129
130
131
132
133
134
135
136
137
138
139
140
141
142
143
144
145
146
147
148
149
150
151
152
153
154
155
156
157
158
159
160
161
162
163
164
165
166
167
168
169
170
171
172
173
174
175
176
177
178
179
