113
3261
1678
4838
9129
5060
5059
8673
9802
310
2343
9347
6409
3007
5267
6610
4344
5025
9317
5475
9315
2309
9765
4792
8858
9308
43
9534
1169
714
4328
9299
2514
2739
704
5447
1377
9287
9512
9962
14
1369
6111
3397
9940
677
5650
4744
6776
9037
5420
9486
671
9935
10161
2699
6086
1114
5408
6308
9697
1559
10146
6075
426
3363
2458
2227
5616
1545
1089
1086
5380
1538
9442
4922
6277
9439
4465
1526
168
393
6718
4683
159
2645
2870
4900
2864
4898
2182
2180
2405
6697
6466
6238
2848
5329
9396
2616
9394
1481
2385
5999
2605
2825
2370
6438
4628
786
6662
331
3266
4622
184
165
164
163
162
161
160
159
158
157
156
155
154
153
152
151
150
149
148
147
146
145
144
143
142
141
140
139
138
137
136
135
134
133
132
131
130
129
128
127
126
125
124
123
122
121
120
119
118
117
116
115
114
113
112
111
110
109
108
107
106
105
104
103
102
101
100
99
98
97
96
95
94
93
92
91
90
89
88
87
86
85
84
83
82
81
80
79
78
77
76
75
74
73
72
71
70
69
68
67
66
65
64
63
62
61
60
59
58
57
56
55
54
53
52
51
50
49
48
47
46
45
44
43
42
41
40
39
38
37
36
35
34
33
32
31
30
29
28
27
26
25
24
23
22
21
20
19
18
17
16
15
14
13
12
11
10
9
8
7
6
5
4
3
2
1
0
183
182
181
180
179
178
177
176
175
174
173
172
171
170
169
168
167
166
