1344
7624
4934
2246
7620
10308
7616
2233
4919
2230
7605
4914
10289
4911
10284
10281
4901
7588
10275
7586
4897
10272
10264
10261
10259
7565
2188
4872
2184
2179
4866
7553
10236
4859
2170
4856
7540
7539
4850
2161
10223
4846
4841
2153
10215
10212
7523
7517
4825
2135
2133
10196
7505
4816
4815
7502
10187
7498
10178
2115
4802
4801
7478
4790
10165
4786
4785
10158
4780
10153
4776
10151
10150
10149
10146
7457
2081
7453
2076
2075
7450
4754
10128
10127
10125
2052
4738
7423
2044
10106
10105
10104
7414
4721
7405
10080
2008
4694
4691
7378
10063
7373
10056
1989
10054
10053
10051
1985
1982
4666
1975
7351
7350
10037
1968
7344
4656
7340
10023
1955
4642
10016
1949
4636
1939
1937
10001
1936
7311
9998
9997
1932
7307
4618
1928
9991
1925
9989
9985
4608
9979
1910
7285
1907
1906
4590
4586
4584
4577
1886
1884
9948
9944
4565
4563
1872
4558
9933
4549
1860
7233
1854
4542
9917
7228
1850
9908
7220
9907
9904
7216
4527
4526
4525
9900
7211
4520
7203
1824
4505
7192
9876
7181
9868
7179
1801
1800
4487
1794
9853
7164
9851
7156
4469
4468
1777
7153
4464
4461
1761
1758
4448
9821
7134
4445
1756
9818
4442
9815
7123
4436
4435
9798
7108
7107
7106
4412
9785
1719
1715
9779
4403
1713
1712
7082
1704
7075
7071
4380
1691
7064
9750
9747
4371
9746
7057
4361
1670
7045
1666
9727
4347
7033
7032
1655
7022
4332
9703
7012
4324
12388
4322
7009
1627
9691
9686
6995
4307
1616
12368
4300
4298
4294
6980
1603
6977
12353
6975
9660
6972
1595
9658
1593
9656
9654
12341
6964
9650
1583
1582
1580
9644
6957
9643
4267
9641
12325
4260
9635
12321
12318
9629
4252
1563
12314
1554
12306
9616
6927
6926
1547
1545
9609
6921
12297
1541
12294
9604
6916
4227
1537
12286
1533
6910
9597
6906
6904
4215
12270
6896
1519
1518
6893
4203
12264
6885
12258
4193
9568
4191
1500
4187
1496
6872
6871
4183
9558
9555
4179
9548
1481
4169
4168
1478
6851
6849
4161
1471
9531
6841
1460
6838
9525
6836
12210
1458
4144
1454
1453
4140
9512
9511
6822
1436
9500
4126
6812
4124
4121
12183
6807
1430
6804
6800
6797
4108
12168
4103
12162
9474
1406
9470
12153
12152
1396
9456
1389
1385
4071
9446
4069
6756
1379
4066
4054
1370
12119
1367
6743
1366
6738
12107
6729
4038
9414
9411
4033
1344
9407
6719
4030
4027
4025
1336
9399
4022
6705
4014
4013
12074
4008
9382
1315
3997
12061
1305
12056
12051
1299
1297
9352
6662
12025
1274
9337
6650
9336
6648
3958
3956
6643
12018
3953
12014
1261
3945
3943
9322
9321
9320
3940
12006
12004
1252
3938
9311
1245
9308
11995
9306
1241
9303
6615
9302
11989
9300
6611
11986
1231
11981
6605
9290
3913
11976
3906
9274
11959
9265
11949
6573
1194
11942
6564
6563
6560
11935
11932
1170
6540
1161
6534
3839
3835
11900
9212
1147
11898
3832
9207
3828
11892
1138
3815
3812
11879
1134
9197
11876
1130
1127
1126
1124
9191
6502
6501
6500
3805
9181
1116
9179
1114
6487
3797
9171
9170
11854
3787
9163
9162
3785
3780
11843
1088
11836
9148
3771
11834
11829
9142
6453
11827
6451
11825
11824
9136
9132
3749
1064
11813
6438
6437
3748
6435
11810
1055
1053
9117
11803
1051
9113
9111
11796
6419
3726
3724
1036
6408
11779
11774
11773
3708
9083
3703
11767
11766
1014
3700
1012
3692
11757
11756
1004
1002
9067
6378
3689
11749
995
9056
6368
9054
6364
3672
11736
3669
3667
6354
3664
9034
9033
9031
6341
6340
11714
9019
11704
6327
11700
948
6321
6318
6313
3624
11686
8997
6308
931
3615
6302
11673
3608
11670
917
3604
915
3602
8977
911
3596
8972
3595
8970
902
901
3583
11649
6272
895
894
892
3579
8953
11635
3569
881
6255
877
3564
3560
11624
873
8936
11622
869
8931
6243
866
3552
8927
3549
8925
8922
853
6229
3540
3538
6226
848
6223
6221
6220
3527
6218
3526
3522
3518
3517
3516
11588
3513
3511
6209
11583
8895
3505
11579
11578
6203
11575
11574
6200
8887
11571
6197
11569
8883
818
6193
6186
3495
3493
11556
8867
3489
6176
6174
8861
11544
792
8851
6163
3473
3472
8848
11532
6155
778
11529
776
6150
3461
6146
8833
6144
3455
6138
11514
3447
758
6129
6127
749
8813
3431
11494
8798
11485
731
11482
6105
8787
8785
11471
3401
8777
8776
3398
8770
6080
11456
6076
8763
11449
3384
11445
693
8757
692
690
6065
684
6058
11426
11420
663
662
660
3346
6033
11404
8715
8714
11399
8711
6021
8706
6017
8703
3325
3316
8689
3312
11375
8684
5991
11367
8681
616
615
8678
5988
11361
11360
5982
11357
605
3288
3287
598
5973
8660
595
593
5967
591
11342
8653
587
5961
3273
3272
3268
580
5954
11329
577
11328
575
11326
5948
8635
5941
5936
11312
5933
5924
3242
3241
3240
3239
550
11300
8612
5923
11298
8609
11292
8605
540
5911
3222
5908
526
525
3212
5899
521
520
5895
8582
517
5887
3199
509
3195
3194
5878
502
3187
11251
3185
497
5868
8559
11246
11245
3179
491
5863
488
3175
8549
5860
5858
11233
11230
8538
471
8533
468
5842
3153
460
5835
5830
3141
456
454
8518
8517
11202
5823
3134
444
442
440
11188
11186
11183
8495
3118
3117
3114
3110
11174
11173
11172
5794
418
3105
5787
11162
8474
408
11159
3093
11155
5778
3089
5774
8462
8461
11148
11146
8457
3079
11139
5762
5761
11135
8447
3070
5756
3068
5754
3065
376
11121
11120
8431
11118
5740
363
8426
5736
8421
3043
8418
11105
5723
8414
349
11100
3035
8409
344
343
5718
11090
5711
331
5705
3016
326
3011
5692
11070
3003
316
315
11065
313
2995
11059
308
307
2983
8353
287
8351
8348
5655
11032
2967
2965
2964
2961
272
11021
269
267
2954
264
2951
11014
2946
8319
11002
5623
2933
10998
8309
243
2927
233
8296
231
2918
5604
10977
224
10975
5598
2905
219
8282
217
215
213
8276
10963
5586
208
10957
10956
203
10953
8264
5572
5564
5556
2881
5554
5553
5551
2874
2870
10932
186
10931
183
182
8246
10928
180
10926
10921
177
8240
174
8238
173
8236
8235
8234
169
2856
5542
2852
2849
10914
10913
161
157
8220
154
2839
10900
148
8212
8207
10894
139
8199
8197
5507
5505
10881
10879
5502
5501
5497
5496
2808
5495
2805
8180
10867
112
100
2786
8160
10844
8152
8149
8145
8141
10838
5454
10836
2771
2770
10833
2766
2764
2763
2762
10827
10826
74
8137
10823
8130
5443
5442
2754
8126
62
57
8113
5424
2738
5422
2736
2734
46
10797
8108
42
39
8092
5407
10782
2717
5401
2715
2713
10777
5395
10772
2706
10769
17
10768
2702
14
8077
5387
5383
10760
10759
8068
8067
2688
10750
10749
2683
5366
8050
5362
2674
2673
10736
5359
10732
8042
10729
2661
10725
5348
2653
2644
2641
2640
10704
5325
5324
2636
8011
2628
8003
2626
7996
7993
10679
5300
2608
2607
5290
7977
2600
10658
10656
5278
7964
7956
7951
5264
2575
5262
7947
10634
2568
5249
7936
5246
5243
5238
2549
2547
5234
5233
10608
2536
5221
5219
2531
10593
5212
2523
10587
2520
2517
2514
7889
5198
2510
7883
5195
2504
5186
7869
10556
5171
2483
10547
5170
7857
7856
10541
2472
5156
2467
7839
2462
5147
5146
10523
2458
2457
7831
7826
7825
5137
10515
2448
10513
10512
7820
5132
5130
10503
2433
7808
5116
2428
5115
2419
5101
10479
2414
2413
2411
7782
5092
7779
7777
5087
2397
7768
10454
10448
2380
10441
10436
7744
5056
5048
7733
7731
2354
5041
7721
5034
10409
5029
2341
10403
10401
5022
7709
7706
5017
5015
5008
7693
10381
7690
10378
7686
10376
10375
10374
10370
2300
7674
2298
2294
2291
10354
7665
7660
2287
7658
4973
2284
7657
4970
2281
7651
2273
7645
4956
10334
2268
10332
2263
2260
7632
2257
7628
10319
10318
4940
10316
413
412
411
410
409
408
407
406
405
404
403
402
401
400
399
398
397
396
395
394
393
392
391
390
389
388
387
386
385
384
383
382
381
380
379
378
377
376
375
374
373
372
371
370
369
368
367
366
365
364
363
362
361
360
359
358
357
356
355
354
353
352
351
350
349
348
347
346
345
344
343
342
341
340
339
338
337
336
335
334
333
332
331
330
329
328
327
326
325
324
323
322
321
320
319
318
317
316
315
314
313
312
311
310
309
308
307
306
305
304
303
302
301
300
299
298
297
296
295
294
293
292
291
290
289
288
287
286
285
284
283
282
281
280
279
278
277
276
275
274
273
272
271
270
269
268
267
266
265
264
263
262
261
260
259
258
257
256
255
254
253
252
251
250
249
248
247
246
245
244
243
242
241
240
239
238
237
236
235
234
233
232
231
230
229
228
227
226
225
224
223
222
221
220
219
218
217
216
215
214
213
212
211
210
209
208
207
206
205
204
203
202
201
200
199
198
197
196
195
194
193
192
191
190
189
188
187
186
185
184
183
182
181
180
179
178
177
176
175
174
173
172
171
170
169
168
167
166
165
164
163
162
161
160
159
158
157
156
155
154
153
152
151
150
149
148
147
146
145
144
143
142
141
140
139
138
137
136
135
134
133
132
131
130
129
128
127
126
125
124
123
122
121
120
119
118
117
116
115
114
113
112
111
110
109
108
107
106
105
104
103
102
101
100
99
98
97
96
95
94
93
92
91
90
89
88
87
86
85
84
83
82
81
80
79
78
77
76
75
74
73
72
71
70
69
68
67
66
65
64
63
62
61
60
59
58
57
56
55
54
53
52
51
50
49
48
47
46
45
44
43
42
41
40
39
38
37
36
35
34
33
32
31
30
29
28
27
26
25
24
23
22
21
20
19
18
17
16
15
14
13
12
11
10
9
8
7
6
5
4
3
2
1
0
